-2.912533
-2.905817
-2.898488
-2.890146
-2.876518
-2.855126
-2.806115
-2.691349
-2.461954
-2.098314
-1.607555
-1.028654
-0.402589
0.204854
0.725786
1.104094
1.332287
1.438672
1.466672
1.453529
1.426218
1.399487
1.375584
1.349538
1.315771
1.272493
1.222284
1.173205
1.135160
1.116499
1.116789
1.127765
1.139253
1.144515
1.142584
1.132032
1.113940
1.093233
1.080897
1.083609
1.100339
1.121992
1.140315
1.148926
1.144871
1.129619
1.109442
1.091371
1.076581
1.055575
1.007172
0.897312
0.682962
0.337631
-0.131403
-0.663068
-1.165272
-1.536089
-1.705279
-1.655871
-1.422832
-1.071825
-0.682608
-0.339207
-0.103812
0.008808
0.035374
0.020315
-0.009592
-0.048438
-0.092845
-0.135978
-0.173145
-0.202492
-0.224368
-0.239157
-0.246281
-0.247941
-0.249196
-0.256649
-0.269739
-0.282810
-0.288776
-0.288602
-0.285861
-0.283815
-0.283389
-0.287908
-0.300650
-0.321773
-0.346139
-0.368304
-0.385294
-0.397148
-0.406030
-0.414216
-0.424449
-0.438158
-0.455418
-0.474108
-0.492372
-0.510213
-0.529134
-0.550371
-0.572999
-0.597096
-0.623006
-0.650384
-0.677376
-0.700892
-0.720045
-0.736147
-0.750550
-0.762134
-0.767734
-0.763911
-0.751863
-0.731243
-0.702706
-0.664286
-0.617407
-0.568482
-0.525233
-0.490905
-0.464415
-0.442483
-0.427461
-0.418773
-0.413598
-0.406107
-0.399968
-0.398886
-0.404408
-0.403867
-0.394986
-0.379849
-0.362742
-0.337876
-0.300921
-0.258406
-0.222108
-0.195889
-0.179902
-0.171909
-0.175345
-0.191795
-0.222803
-0.267133
-0.320035
-0.372629
-0.418773
-0.456422
-0.489052
-0.517394
-0.539792
-0.553654
-0.557631
-0.555353
-0.548133
-0.539444
-0.527281
-0.513379
-0.501640
-0.498512
-0.504498
-0.513301
-0.516545
-0.513301
-0.504343
-0.492141
-0.475537
-0.457002
-0.438698
-0.422248
-0.406184
-0.391279
-0.377996
-0.366257
-0.353283
-0.339690
-0.326947
-0.317062
-0.308335
-0.298758
-0.286170
-0.270493
-0.252420
-0.233808
-0.216278
-0.201449
-0.192259
-0.190946
-0.198360
-0.210486
-0.221992
-0.231568
-0.240527
-0.253039
-0.269257
-0.290881
-0.317603
-0.348494
-0.376683
-0.396299
-0.418464
-0.480788
-0.626366
-0.865467
-1.149672
-1.402907
-1.554818
-1.558370
-1.389083
-1.047729
-0.591381
-0.111863
0.294595
0.577486
0.738356
0.810951
0.836127
0.843851
0.850955
0.864007
0.880380
0.893123
0.894281
0.881770
0.859992
0.837673
0.822535
0.817515
0.821068
0.826551
0.825624
0.810333
0.777511
0.730323
0.677112
0.628690
0.595404
0.581425
0.584360
0.595327
0.603976
0.602199
0.587912
0.565979
0.546440
0.537558
0.546285
0.577409
0.635717
0.718893
0.816898
0.913666
0.997768
1.061638
1.101487
1.115389
1.107511
1.089981
1.075693
1.071832
1.076929
1.085579
1.092760
1.097394
1.102183
1.114462
1.140335
1.182347
1.236176
1.293249
1.342443
1.372640
1.376657
1.354877
1.318116
1.281201
1.258109
1.255638
1.274945
1.311165
1.354877
1.395269
1.425929
1.447321
1.465161
1.483851
1.501536
1.505552
1.470799
1.358893
1.126355
0.751793
0.260305
-0.288719
-0.818976
-1.267755
-1.565938
-1.680624
-1.624555
-1.465927
-1.245591
-0.965248
-0.600648
-0.177508
0.271117
0.716808
1.133384
1.408861
1.411564
1.076697
0.492766
-0.214964
-0.952197
-1.643322
-2.206479
-2.571851
-2.758977
-2.835898
