-3.447602
-3.444409
-3.439794
-3.433266
-3.426395
-3.417623
-3.382401
-3.272457
-3.037505
-2.659378
-2.157032
-1.570133
-0.947968
-0.354968
0.138673
0.485681
0.686934
0.779153
0.808809
0.811473
0.810060
0.813317
0.818545
0.816161
0.798282
0.766574
0.728379
0.694763
0.673690
0.671405
0.690399
0.725211
0.764018
0.793145
0.806011
0.803924
0.793163
0.782230
0.779305
0.790275
0.816431
0.852701
0.889214
0.914768
0.922344
0.914048
0.895837
0.873738
0.847914
0.811689
0.748255
0.624517
0.396495
0.035252
-0.445661
-0.977160
-1.457031
-1.784208
-1.891534
-1.765078
-1.444128
-1.002984
-0.535513
-0.131837
0.149992
0.302019
0.366263
0.386363
0.390629
0.384438
0.371626
0.357733
0.346774
0.341375
0.342023
0.350264
0.365219
0.384636
0.404917
0.424011
0.442258
0.459785
0.476503
0.491403
0.503605
0.512135
0.515518
0.513863
0.508464
0.501409
0.494319
0.488704
0.486545
0.489640
0.496982
0.506340
0.513286
0.515014
0.508032
0.490576
0.461963
0.424892
0.384583
0.345675
0.311448
0.281216
0.254618
0.228885
0.201568
0.168420
0.128361
0.083625
0.039535
-0.000235
-0.033275
-0.058145
-0.073981
-0.083339
-0.090752
-0.100003
-0.112708
-0.131567
-0.157984
-0.188073
-0.212367
-0.223452
-0.219205
-0.200814
-0.168962
-0.126744
-0.084599
-0.048643
-0.020786
0.009554
0.045042
0.086108
0.131637
0.183536
0.241121
0.297303
0.346143
0.388181
0.426008
0.459876
0.488200
0.508391
0.520125
0.521132
0.512962
0.498098
0.479959
0.460343
0.442024
0.429283
0.424136
0.425180
0.429715
0.437921
0.449726
0.461532
0.468693
0.469233
0.463691
0.452713
0.434898
0.412043
0.387030
0.363959
0.344308
0.328472
0.316019
0.306445
0.298635
0.290430
0.279776
0.264875
0.248320
0.232700
0.218879
0.204555
0.187998
0.171155
0.154455
0.136819
0.115513
0.091326
0.065917
0.040939
0.014809
-0.012545
-0.041409
-0.069770
-0.095827
-0.117422
-0.132683
-0.142472
-0.148159
-0.151902
-0.153702
-0.152261
-0.144632
-0.128003
-0.100218
-0.062212
-0.029892
-0.046088
-0.165147
-0.414133
-0.753602
-1.101564
-1.373297
-1.510495
-1.478967
-1.266188
-0.911531
-0.500008
-0.131603
0.133580
0.290717
0.369898
0.407760
0.430867
0.451238
0.472113
0.488813
0.495435
0.488021
0.467649
0.441088
0.415246
0.396819
0.386885
0.382711
0.377096
0.364068
0.339737
0.303674
0.260052
0.216720
0.183175
0.164892
0.162949
0.172522
0.185335
0.191741
0.187351
0.172810
0.153159
0.135019
0.126022
0.133868
0.163740
0.217151
0.290430
0.374720
0.459228
0.532650
0.586564
0.615069
0.618524
0.603120
0.580734
0.564321
0.561659
0.572384
0.587716
0.598873
0.602040
0.601105
0.603192
0.615646
0.643286
0.686620
0.739095
0.788906
0.824898
0.840878
0.838863
0.825545
0.812013
0.806902
0.816764
0.841382
0.876221
0.911996
0.940933
0.961880
0.978220
0.994272
1.010108
1.021769
1.017882
0.974549
0.854770
0.614062
0.226941
-0.292123
-0.886337
-1.483718
-2.021497
-2.446049
-2.722749
-2.849221
-2.856852
-2.755284
-2.525733
-2.148834
-1.664681
-1.133668
-0.599488
-0.115551
0.200812
0.224566
-0.077112
-0.595385
-1.205290
-1.822898
-2.394365
-2.852821
-3.143774
-3.283778
-3.335318
