1.182076
1.197712
1.208732
1.213721
1.213600
1.213160
1.212426
1.210428
1.206512
1.200824
1.193352
1.184151
1.173514
1.163250
1.154610
1.149666
1.148748
1.152938
1.160385
1.168810
1.174466
1.176530
1.175081
1.171463
1.165648
1.158556
1.151002
1.144132
1.138071
1.133126
1.129075
1.126019
1.123277
1.121382
1.119984
1.118741
1.116467
1.112375
1.106588
1.100340
1.094572
1.089627
1.084748
1.080703
1.079323
1.081917
1.088170
1.096704
1.106257
1.114868
1.120381
1.121998
1.120973
1.118462
1.114844
1.111226
1.108857
1.108561
1.109153
1.110337
1.112564
1.116153
1.121068
1.126801
1.132853
1.138017
1.141109
1.143419
1.146486
1.151212
1.156056
1.160190
1.163909
1.168019
1.171395
1.173823
1.177743
1.189067
1.209830
1.237463
1.266387
1.294718
1.320966
1.343091
1.357446
1.363925
1.365121
1.364411
1.362669
1.360182
1.356818
1.353751
1.351417
1.350126
1.349806
1.350363
1.351702
1.352697
1.352021
1.348444
1.340698
1.328641
1.312355
1.293392
1.273055
1.253275
1.236409
1.224007
1.215965
1.210564
1.206264
1.203256
1.201397
1.200141
1.197832
1.194610
1.191436
1.189990
1.189469
1.188948
1.187479
1.186437
1.186082
1.185821
1.183026
1.177364
1.169476
1.161706
1.154647
1.148677
1.144058
1.141476
1.140197
1.139178
1.136691
1.133137
1.129229
1.126363
1.124562
1.123212
1.121743
1.120133
1.118972
1.118593
1.119540
1.122122
1.126529
1.131148
1.133896
1.132948
1.129584
1.125700
1.123994
1.124965
1.129039
1.134938
1.140765
1.143679
1.141784
1.135649
1.128116
1.122880
1.122643
1.127926
1.138349
1.150975
1.162701
1.170305
1.173409
1.172722
1.169429
1.164715
1.160522
1.157726
1.155216
1.150952
1.144177
1.136549
1.129324
1.123378
1.118498
1.114874
1.112576
1.111462
1.111794
1.113381
1.116319
1.120559
1.125297
1.130271
1.133043
1.132972
1.129561
1.124870
1.121104
1.119138
1.118948
1.120156
1.122099
1.123544
1.122122
1.117242
1.110041
1.103621
1.100518
1.101821
1.106417
1.112718
1.119256
1.124254
1.125273
1.120843
1.112481
1.103456
1.096704
1.093009
1.091919
1.092227
1.093246
1.094620
1.095781
1.095520
1.093578
1.091137
1.089787
1.089171
1.087395
1.083794
1.079104
1.074271
1.069249
1.064606
1.060674
1.058068
1.055557
1.054467
1.055131
1.057689
1.060532
1.062711
1.065033
1.066501
1.064653
1.056931
1.044234
1.029405
1.014812
1.001784
0.992592
0.988660
0.990176
0.994677
0.999983
1.004437
1.006853
1.007043
1.005195
1.002731
0.999936
0.996951
0.993777
0.990934
0.989134
0.988376
0.987760
0.987618
0.988186
0.990460
0.993777
0.997993
1.003679
1.010264
1.016755
1.021398
1.023198
1.022251
1.019503
1.016944
1.015523
1.015144
1.015523
1.016850
1.019124
1.022108
1.025567
1.030068
1.035232
1.037601
1.019124
0.951848
0.808957
0.590879
0.317179
0.012164
-0.303797
-0.602511
-0.853280
-1.039474
-1.173836
-1.277687
-1.368178
-1.450046
-1.520497
-1.566121
-1.562331
-1.486717
-1.336720
-1.128022
-0.889050
-0.651215
-0.457821
-0.359039
-0.392913
-0.567547
-0.854607
-1.207474
-1.573322
-1.903259
-2.151138
-2.284363
-2.295686
-2.209649
-2.070312
-1.926000
-1.820917
-1.789411
-1.844701
-1.974467
-2.148343
-2.334725
-2.507132
-2.644527
-2.734070
-2.776662
-2.785285
-2.776189
-2.758754
-2.736202
-2.708107
-2.673664
-2.632635
-2.584404
-2.528073
-2.460276
-2.369548
-2.234475
-2.037005
-1.777661
-1.483447
-1.183596
-0.901936
-0.660312
-0.481414
-0.378463
-0.336960
-0.330138
-0.335160
-0.341935
-0.348000
-0.351932
-0.353448
-0.352501
-0.349042
-0.345441
-0.344731
-0.349705
-0.359986
-0.372683
-0.386517
-0.401110
-0.417455
-0.433658
-0.448298
-0.461516
-0.475113
-0.488948
-0.499655
-0.503682
-0.500887
-0.493922
-0.485158
-0.475161
-0.464027
-0.452846
-0.442612
-0.433658
-0.425083
-0.416128
-0.406132
-0.394430
-0.380832
-0.365340
-0.350843
-0.339377
-0.332223
-0.327770
-0.324738
-0.323600
-0.324358
-0.325400
-0.323506
-0.317821
-0.311187
-0.307492
-0.307540
-0.310193
-0.314267
-0.320805
-0.330754
-0.342030
-0.352548
-0.360318
-0.366856
-0.372731
-0.377848
-0.382112
-0.387797
-0.397841
-0.413949
-0.434321
-0.456494
-0.478856
-0.500839
-0.521780
-0.540068
-0.554850
-0.567168
-0.579012
-0.590383
-0.599953
-0.605354
-0.606491
-0.604028
-0.598816
-0.590383
-0.577496
-0.559777
-0.539499
-0.517800
-0.494870
-0.470234
-0.445123
-0.422382
-0.402768
-0.385712
-0.370551
-0.358612
-0.351884
-0.350369
-0.350937
-0.350463
-0.347241
-0.342978
-0.338619
-0.333502
-0.326206
-0.318152
-0.310666
-0.302897
-0.290863
-0.273049
-0.250781
-0.227282
-0.204541
-0.183979
-0.166639
-0.154890
-0.149962
-0.151952
-0.158490
-0.167492
-0.177441
-0.187580
-0.195634
-0.200182
-0.202456
-0.203688
-0.205015
-0.205204
-0.206626
-0.210794
-0.217617
-0.224724
-0.230693
-0.236378
-0.241969
-0.247938
-0.255045
-0.265753
-0.280724
-0.298348
-0.316825
-0.334639
-0.351222
-0.364676
-0.373678
-0.379553
-0.384006
-0.388839
-0.393198
-0.396419
-0.399073
-0.401157
-0.404000
-0.407885
-0.415181
-0.426646
-0.440765
-0.454789
-0.467675
-0.480562
-0.493354
-0.504155
-0.510978
-0.515337
-0.518748
-0.519980
-0.514958
-0.501313
-0.481983
-0.461137
-0.441902
-0.426836
-0.418497
-0.418876
-0.425509
-0.434890
-0.444460
-0.452988
-0.458484
-0.459147
-0.456021
-0.451662
-0.447682
-0.442186
-0.434037
-0.424182
-0.415181
-0.409117
-0.403526
-0.398788
-0.395566
-0.398125
-0.406084
-0.417929
-0.431005
-0.444365
-0.456210
-0.464169
-0.466349
-0.462843
-0.454978
-0.445597
-0.437069
-0.432331
-0.431763
-0.434416
-0.437543
-0.438585
-0.438301
-0.436785
-0.435838
-0.434511
-0.433279
-0.433563
-0.437448
-0.450714
-0.472697
-0.501029
-0.526518
-0.547648
-0.563757
-0.572569
-0.569252
-0.552480
-0.531256
-0.513726
-0.503208
-0.496954
-0.493354
-0.492501
-0.496291
-0.503872
-0.514389
-0.526802
-0.540920
-0.555608
-0.569916
-0.582897
-0.595500
-0.605733
-0.612745
-0.614829
-0.614829
-0.615209
-0.617103
-0.619567
-0.621463
-0.624778
-0.630274
-0.637760
-0.645057
-0.651405
-0.658038
-0.666281
-0.676136
-0.687506
-0.701057
-0.716407
-0.729767
-0.725409
-0.700488
-0.658606
-0.626389
-0.606775
-0.597394
-0.584224
-0.566978
-0.547933
-0.529550
-0.512778
-0.498186
-0.487384
-0.480751
-0.477245
-0.473834
-0.470044
-0.467107
-0.466917
-0.469096
-0.472697
-0.476771
-0.481604
-0.486816
-0.492880
-0.499608
-0.507851
-0.516568
-0.524528
-0.529266
-0.531161
-0.531161
-0.530119
-0.528224
-0.526707
-0.527750
-0.530592
-0.532203
-0.528792
-0.519601
-0.505956
-0.490227
-0.475540
-0.465496
-0.461611
-0.463696
-0.469570
-0.477909
-0.486437
-0.493448
-0.498565
-0.503587
-0.510315
-0.519127
-0.527845
-0.533814
-0.535804
-0.533151
-0.525381
-0.511547
-0.492880
-0.470992
-0.447872
-0.423709
-0.400683
-0.380595
-0.365340
-0.354064
-0.345915
-0.340419
-0.336345
-0.330660
-0.319574
-0.300906
-0.276554
-0.250213
-0.225956
-0.206152
-0.192791
-0.187106
-0.189191
-0.194592
-0.200277
-0.203593
-0.207099
-0.210794
-0.214016
-0.214490
-0.212026
-0.206247
-0.196960
-0.182842
-0.165502
-0.147024
-0.130632
-0.118219
-0.109976
-0.105995
-0.105333
-0.108459
-0.114144
-0.120683
-0.125231
-0.126653
-0.124568
-0.120493
-0.115661
-0.113482
-0.115376
-0.122767
-0.134422
-0.149488
-0.165976
-0.181136
-0.193644
-0.202645
-0.208805
-0.211837
-0.212974
-0.215154
-0.221786
-0.233820
-0.249644
-0.266794
-0.283471
-0.297401
-0.305455
-0.305834
-0.299390
-0.290105
-0.281198
-0.273617
-0.266700
-0.261583
-0.260446
-0.264710
-0.272196
-0.281292
-0.291241
-0.302044
-0.311235
-0.316257
-0.316162
-0.312751
-0.307255
-0.301380
-0.295505
-0.293421
-0.294748
-0.299295
-0.303465
-0.307823
-0.309340
-0.305929
-0.294179
-0.276175
-0.254003
-0.232020
-0.212690
-0.200182
-0.195634
-0.201130
-0.214585
-0.233157
-0.252297
-0.268595
-0.280724
-0.288683
-0.293042
-0.294937
-0.295316
-0.296832
-0.300622
-0.308392
-0.319004
-0.331323
-0.343452
-0.360318
-0.403715
-0.501503
-0.674525
-0.913687
-1.199467
-1.510643
-1.825797
-2.114231
-2.343727
-2.506137
-2.616811
-2.698678
-2.764250
-2.817691
-2.860141
-2.892358
-2.913962
-2.926849
-2.936324
-2.947126
-2.959444
-2.971763
-2.979722
-2.974226
-2.945231
-2.894442
