1.210940
1.218262
1.221925
1.221687
1.218765
1.216916
1.216817
1.217750
1.217308
1.209989
1.191845
1.160779
1.119450
1.068977
1.011007
0.947359
0.884894
0.833068
0.796336
0.773892
0.762361
0.761435
0.771727
0.788545
0.805534
0.816572
0.823255
0.828750
0.834218
0.837316
0.836240
0.832618
0.828944
0.824894
0.819134
0.812383
0.807717
0.808728
0.815208
0.827214
0.841689
0.855665
0.865884
0.872493
0.875564
0.876730
0.878492
0.886728
0.904274
0.926194
0.944518
0.954056
0.956622
0.954250
0.946475
0.936237
0.929188
0.932389
0.943546
0.956233
0.964565
0.969360
0.972561
0.974155
0.973429
0.971848
0.972704
0.976293
0.981619
0.986505
0.991663
0.997572
1.005101
1.013732
1.023049
1.036099
1.061083
1.107450
1.176145
1.257761
1.341125
1.418904
1.484334
1.530752
1.552860
1.556022
1.549828
1.544217
1.543349
1.545863
1.549685
1.553482
1.557759
1.562450
1.565781
1.566467
1.564536
1.561050
1.557020
1.549815
1.534938
1.507388
1.467915
1.420576
1.369492
1.318045
1.271160
1.235860
1.214672
1.203877
1.198098
1.195402
1.196387
1.200560
1.206443
1.213285
1.220180
1.224223
1.223549
1.216914
1.206599
1.194936
1.185165
1.178867
1.174098
1.168318
1.159947
1.148387
1.132215
1.110314
1.086003
1.064129
1.047101
1.034634
1.026911
1.025718
1.029373
1.033520
1.033986
1.031550
1.028336
1.025045
1.020950
1.015585
1.011308
1.009727
1.011826
1.015921
1.020768
1.026029
1.032017
1.038315
1.042980
1.044224
1.041762
1.038211
1.035593
1.034997
1.036163
1.039947
1.046841
1.056249
1.065969
1.075662
1.083178
1.087532
1.085874
1.079368
1.068250
1.053373
1.035178
1.016621
1.001330
0.993218
0.992622
0.998453
1.005840
1.013148
1.019083
1.022893
1.021960
1.015585
1.007395
1.001122
0.997416
0.994617
0.991818
0.989745
0.989330
0.991248
0.995006
0.998764
1.000293
0.999878
0.999904
1.002755
1.006695
1.009520
1.010038
1.007784
1.000837
0.985675
0.963801
0.940423
0.919378
0.902324
0.888276
0.880242
0.880190
0.887032
0.898332
0.910643
0.923784
0.937287
0.948898
0.955922
0.956440
0.952190
0.945503
0.936950
0.927153
0.917045
0.908492
0.904553
0.906574
0.915179
0.925183
0.932596
0.935550
0.935550
0.933373
0.929537
0.927879
0.930108
0.935188
0.938868
0.941408
0.943896
0.946177
0.945710
0.944518
0.945866
0.953019
0.962868
0.973028
0.981477
0.988423
0.993295
0.996302
0.997960
0.999515
1.000501
1.002056
1.006306
1.013719
1.021442
1.026003
1.029166
1.034660
1.043109
1.051869
1.058142
1.062392
1.065036
1.065865
1.064414
1.060941
1.058556
1.058504
1.062185
1.066798
1.071774
1.076699
1.082608
1.088724
1.094427
1.098781
1.101321
1.099869
1.095100
1.087636
1.079498
1.071982
1.066850
1.066332
1.069027
1.073589
1.075766
1.057934
0.990081
0.841521
0.611837
0.322284
-0.001222
-0.338154
-0.659845
-0.932915
-1.137717
-1.286693
-1.400938
-1.497456
-1.581171
-1.648816
-1.684790
-1.658302
-1.544730
-1.343556
-1.073182
-0.762065
-0.442032
-0.161757
0.022466
0.064557
-0.056842
-0.330274
-0.719664
-1.169440
-1.624297
-2.031881
-2.350048
-2.555368
-2.655360
-2.685216
-2.685579
-2.688897
-2.712015
-2.759445
-2.822788
-2.888983
-2.946468
-2.989595
-3.016342
-3.027953
-3.027694
-3.019193
-3.003642
-2.980213
-2.948230
-2.907073
-2.856792
-2.796767
-2.727825
-2.649761
-2.560500
-2.447135
-2.285564
-2.056866
-1.763632
-1.437845
-1.110815
-0.807421
-0.549280
-0.360443
-0.253713
-0.211416
-0.202655
-0.202241
-0.201878
-0.201929
-0.202551
-0.202707
-0.201204
-0.198353
-0.195243
-0.193273
-0.193273
-0.195709
-0.200374
-0.206491
-0.214111
-0.222923
-0.231476
-0.238681
-0.243968
-0.248893
-0.252884
-0.255683
-0.256720
-0.256564
-0.255942
-0.254336
-0.251796
-0.248219
-0.245160
-0.243398
-0.243709
-0.245212
-0.246456
-0.246249
-0.244072
-0.239977
-0.233186
-0.223234
-0.210949
-0.197783
-0.185083
-0.173161
-0.161653
-0.150249
-0.139261
-0.129100
-0.120392
-0.113135
-0.107745
-0.104530
-0.104634
-0.108366
-0.115209
-0.124746
-0.136772
-0.151286
-0.166733
-0.182388
-0.197834
-0.212659
-0.225930
-0.236918
-0.245212
-0.251847
-0.257342
-0.262421
-0.266776
-0.271234
-0.277557
-0.286162
-0.295804
-0.304823
-0.313221
-0.320996
-0.327631
-0.332918
-0.337583
-0.341834
-0.344529
-0.346188
-0.348054
-0.350024
-0.349609
-0.345462
-0.337998
-0.327320
-0.311873
-0.291553
-0.269368
-0.249774
-0.234327
-0.221886
-0.211623
-0.203226
-0.195968
-0.186534
-0.173575
-0.158129
-0.142785
-0.128168
-0.113342
-0.097999
-0.084003
-0.073325
-0.065758
-0.058915
-0.051658
-0.044712
-0.040151
-0.037144
-0.035693
-0.035486
-0.037767
-0.042224
-0.047304
-0.052177
-0.054872
-0.055183
-0.053525
-0.052280
-0.053835
-0.058293
-0.065342
-0.074777
-0.088254
-0.105981
-0.126094
-0.146310
-0.165904
-0.185083
-0.203018
-0.219813
-0.236504
-0.254128
-0.271441
-0.286992
-0.299847
-0.310318
-0.317679
-0.323173
-0.327320
-0.330741
-0.332711
-0.334266
-0.336131
-0.337583
-0.336235
-0.332089
-0.326698
-0.321411
-0.316124
-0.311769
-0.311043
-0.314879
-0.322654
-0.332399
-0.343492
-0.353341
-0.358836
-0.357592
-0.349712
-0.337065
-0.321618
-0.305445
-0.288962
-0.273721
-0.260659
-0.251433
-0.245005
-0.239821
-0.235156
-0.232357
-0.233082
-0.237230
-0.243761
-0.251536
-0.259933
-0.267501
-0.271752
-0.270611
-0.264288
-0.254336
-0.242931
-0.230905
-0.220953
-0.213696
-0.210275
-0.208824
-0.209446
-0.211726
-0.215873
-0.221575
-0.228521
-0.236504
-0.245212
-0.254128
-0.262836
-0.270093
-0.274759
-0.277765
-0.280357
-0.284089
-0.289272
-0.296840
-0.305963
-0.314983
-0.322033
-0.327424
-0.330844
-0.332711
-0.333747
-0.339553
-0.351268
-0.367648
-0.378534
-0.383509
-0.384131
-0.382266
-0.375008
-0.360287
-0.345255
-0.334784
-0.330534
-0.328667
-0.328875
-0.332089
-0.340901
-0.354170
-0.370758
-0.389108
-0.407976
-0.427363
-0.445505
-0.460330
-0.469038
-0.470593
-0.466654
-0.458257
-0.446645
-0.433376
-0.421868
-0.414611
-0.410567
-0.409324
-0.409428
-0.411812
-0.414922
-0.418447
-0.422490
-0.427051
-0.433583
-0.441876
-0.451829
-0.461470
-0.470283
-0.480131
-0.492364
-0.506360
-0.518490
-0.527509
-0.532485
-0.533625
-0.529271
-0.519941
-0.506878
-0.492986
-0.479924
-0.470386
-0.465099
-0.464684
-0.465721
-0.467276
-0.468728
-0.471941
-0.477021
-0.483448
-0.491016
-0.499932
-0.510299
-0.521289
-0.531138
-0.538913
-0.544614
-0.548347
-0.549694
-0.548036
-0.543474
-0.536321
-0.527509
-0.518386
-0.509367
-0.499725
-0.488736
-0.477435
-0.467380
-0.459812
-0.454732
-0.452970
-0.455354
-0.461677
-0.469660
-0.475673
-0.479094
-0.480338
-0.480338
-0.479924
-0.479302
-0.479406
-0.480028
-0.479094
-0.475362
-0.468209
-0.460537
-0.454109
-0.448822
-0.444157
-0.440736
-0.439077
-0.437833
-0.435760
-0.433686
-0.433790
-0.436693
-0.440736
-0.444468
-0.447578
-0.448719
-0.445816
-0.435448
-0.420728
-0.406421
-0.397298
-0.393358
-0.391803
-0.392529
-0.396676
-0.404244
-0.413367
-0.420728
-0.427880
-0.436174
-0.447164
-0.458879
-0.468935
-0.475673
-0.479198
-0.478265
-0.471422
-0.457427
-0.438248
-0.417306
-0.397402
-0.380503
-0.367855
-0.360909
-0.360598
-0.365989
-0.374905
-0.384131
-0.390974
-0.393669
-0.391699
-0.386205
-0.378844
-0.372417
-0.369306
-0.371069
-0.376875
-0.383199
-0.387449
-0.388071
-0.385376
-0.379363
-0.370447
-0.359976
-0.350024
-0.341627
-0.335510
-0.330844
-0.329601
-0.331466
-0.335924
-0.339760
-0.341212
-0.340072
-0.336650
-0.331466
-0.324417
-0.315398
-0.305238
-0.295389
-0.286681
-0.279113
-0.273929
-0.269575
-0.266776
-0.262421
-0.257446
-0.251640
-0.245834
-0.240650
-0.236504
-0.232772
-0.231113
-0.231113
-0.232565
-0.233601
-0.233601
-0.235467
-0.239199
-0.244175
-0.248530
-0.249566
-0.248737
-0.244798
-0.242102
-0.240029
-0.239821
-0.239821
-0.241895
-0.245420
-0.251018
-0.256823
-0.264702
-0.273825
-0.283363
-0.291657
-0.298292
-0.303683
-0.305963
-0.305341
-0.303268
-0.309695
-0.347432
-0.445712
-0.624856
-0.876570
-1.178460
-1.507097
-1.840504
-2.146334
-2.393071
-2.569934
-2.694547
-2.790132
-2.871617
-2.941285
-3.000377
-3.048895
-3.089948
-3.123331
-3.152774
-3.178484
-3.200877
-3.217671
-3.225758
-3.216013
-3.181387
-3.127270
