-1.922729
-1.902336
-1.885142
-1.876220
-1.879441
-1.894669
-1.917208
-1.942271
-1.964686
-1.975245
-1.962991
-1.921743
-1.855711
-1.774221
-1.687818
-1.608930
-1.554480
-1.540379
-1.570870
-1.635045
-1.714524
-1.793841
-1.862504
-1.911750
-1.935247
-1.934246
-1.918601
-1.894689
-1.857245
-1.789393
-1.678321
-1.522805
-1.333459
-1.125698
-0.920227
-0.744578
-0.633686
-0.614096
-0.692832
-0.849649
-1.052564
-1.270723
-1.479313
-1.655276
-1.780230
-1.851289
-1.883021
-1.895653
-1.901965
-1.908064
-1.915289
-1.924147
-1.930975
-1.933347
-1.930754
-1.922643
-1.905849
-1.875234
-1.829827
-1.774103
-1.716387
-1.665536
-1.629467
-1.613698
-1.619935
-1.643031
-1.674209
-1.703488
-1.725661
-1.738671
-1.742196
-1.737342
-1.726731
-1.711543
-1.684637
-1.632466
-1.545896
-1.426810
-1.286169
-1.136541
-0.994884
-0.885579
-0.837339
-0.867457
-0.973108
-1.131577
-1.315346
-1.496143
-1.644092
-1.732138
-1.750759
-1.716581
-1.657545
-1.594044
-1.542704
-1.522699
-1.548314
-1.614510
-1.698773
-1.783977
-1.856558
-1.899907
-1.890865
-1.817822
-1.688844
-1.524563
-1.348748
-1.189745
-1.081344
-1.050027
-1.100260
-1.210598
-1.350464
-1.490367
-1.602404
-1.658800
-1.646048
-1.574501
-1.472632
-1.364803
-1.272051
-1.217334
-1.222612
-1.291558
-1.403576
-1.532683
-1.659557
-1.771686
-1.856299
-1.904945
-1.921222
-1.919561
-1.913711
-1.910759
-1.909725
-1.906643
-1.893946
-1.865656
-1.821808
-1.770357
-1.716692
-1.659372
-1.594339
-1.523806
-1.454750
-1.391267
-1.337491
-1.306044
-1.314607
-1.374104
-1.476047
-1.600687
-1.726915
-1.837494
-1.919690
-1.966565
-1.981107
-1.974869
-1.960364
-1.946154
-1.937111
-1.936890
-1.947778
-1.967377
-1.991441
-2.015469
-2.037097
-2.053042
-2.061937
-2.064926
-2.065443
-2.064705
-2.061420
-2.053300
-2.040050
-2.021928
-2.000373
-1.976308
-1.950768
-1.923750
-1.895183
-1.865176
-1.833804
-1.800438
-1.764194
-1.724480
-1.680816
-1.631063
-1.568946
-1.478003
-1.341883
-1.154275
-0.931900
-0.698008
-0.472533
-0.271564
-0.114443
-0.015270
0.029390
0.040389
0.037067
0.031531
0.027139
0.025589
0.026400
0.028689
0.033266
0.040463
0.048730
0.054784
0.056666
0.054931
0.051056
0.046147
0.040647
0.035258
0.031051
0.029464
0.030608
0.033376
0.035886
0.036587
0.035849
0.034262
0.033007
0.032121
0.032380
0.034336
0.038765
0.045630
0.054746
0.064970
0.074677
0.082244
0.087337
0.089625
0.089035
0.085750
0.081395
0.077372
0.074271
0.071983
0.069768
0.066889
0.062313
0.056887
0.051351
0.046036
0.040684
0.035702
0.031974
0.029317
0.026474
0.022377
0.015992
0.007577
-0.002573
-0.012944
-0.023279
-0.032986
-0.041586
-0.047712
-0.051329
-0.054245
-0.058637
-0.064801
-0.070928
-0.075320
-0.077867
-0.079860
-0.082776
-0.088238
-0.097761
-0.111675
-0.128985
-0.147809
-0.165710
-0.180510
-0.190107
-0.195015
-0.197488
-0.199850
-0.203615
-0.208229
-0.213470
-0.218194
-0.221442
-0.222660
-0.221590
-0.218637
-0.213876
-0.207564
-0.200330
-0.192026
-0.182023
-0.169548
-0.155154
-0.140538
-0.126513
-0.113521
-0.101857
-0.092631
-0.085544
-0.079565
-0.074028
-0.069673
-0.066868
-0.064801
-0.062882
-0.060520
-0.058010
-0.054467
-0.049890
-0.044280
-0.037931
-0.031214
-0.024423
-0.017927
-0.011505
-0.004050
0.004883
0.015808
0.027914
0.040389
0.052273
0.063568
0.074271
0.084163
0.092799
0.100550
0.108153
0.116421
0.125279
0.133030
0.138788
0.142848
0.147498
0.152370
0.155987
0.156725
0.156135
0.155249
0.153699
0.150377
0.145653
0.140929
0.135909
0.129413
0.120407
0.109556
0.098188
0.087485
0.078184
0.071688
0.069842
0.073016
0.079955
0.088223
0.096933
0.105053
0.111623
0.115683
0.117602
0.119078
0.120555
0.122474
0.123655
0.124689
0.124762
0.124098
0.123065
0.122991
0.124393
0.126682
0.129191
0.131849
0.133990
0.134285
0.132587
0.129856
0.128306
0.128084
0.128601
0.128158
0.127420
0.126682
0.126682
0.126682
0.127715
0.130225
0.134507
0.139083
0.142479
0.143365
0.141888
0.138640
0.134802
0.130299
0.126903
0.125500
0.128084
0.134063
0.141667
0.148975
0.154437
0.157980
0.158571
0.155397
0.148901
0.140412
0.131406
0.122253
0.112582
0.103355
0.094571
0.086894
0.079881
0.073459
0.067627
0.062091
0.057146
0.052938
0.049247
0.046664
0.045113
0.044744
0.044744
0.044744
0.045777
0.048361
0.052938
0.059213
0.067111
0.075748
0.083424
0.088887
0.091619
0.090216
0.083277
0.070728
0.055079
0.038913
0.023780
0.010271
-0.000211
-0.006780
-0.008257
-0.005895
-0.001023
0.004366
0.009681
0.014405
0.017948
0.019794
0.020975
0.022968
0.026511
0.031752
0.039430
0.050133
0.062977
0.075895
0.088961
0.102986
0.118266
0.133325
0.146760
0.159014
0.170308
0.181233
0.191346
0.201164
0.210317
0.217477
0.221021
0.220652
0.217108
0.210612
0.201533
0.191198
0.182709
0.177616
0.175992
0.175623
0.171342
0.162557
0.150967
0.145210
0.145875
0.151558
0.160490
0.174663
0.193339
0.209801
0.217403
0.216665
0.211941
0.207069
0.201828
0.195627
0.188984
0.182709
0.175992
0.167651
0.157168
0.145800
0.134137
0.121515
0.106973
0.091619
0.076929
0.063789
0.051018
0.038765
0.027840
0.019130
0.011896
0.005621
0.000601
-0.001835
-0.001244
0.002446
0.008130
0.014626
0.020310
0.024739
0.027471
0.028873
0.029538
0.031605
0.036698
0.044892
0.054931
0.065118
0.074419
0.081874
0.087706
0.092799
0.098778
0.106456
0.116199
0.127125
0.137754
0.146612
0.153256
0.157390
0.159457
0.159900
0.160047
0.161302
0.164255
0.169348
0.175475
0.182193
0.189205
0.197030
0.205150
0.212384
0.217773
0.222276
0.226631
0.230986
0.234898
0.238958
0.244126
0.249883
0.255789
0.261325
0.266049
0.269150
0.270404
0.270478
0.270478
0.270478
0.270331
0.269297
0.267526
0.265237
0.262358
0.259628
0.257856
0.258815
0.262063
0.267157
0.272915
0.279337
0.285611
0.291517
0.297496
0.305763
0.318017
0.334035
0.351604
0.367918
0.381574
0.391392
0.396928
0.398552
0.397961
0.397223
0.397149
0.398183
0.400250
0.402907
0.405417
0.407410
0.408149
0.406894
0.403350
0.396337
0.375890
0.340531
0.294248
0.259406
0.239549
0.232757
0.227074
0.220725
0.214230
0.208767
0.204264
0.199983
0.195110
0.190165
0.185588
0.181750
0.178501
0.176435
0.176361
0.178206
0.181528
0.185441
0.188689
0.191272
0.192527
0.194447
0.196661
0.198432
0.198137
0.195627
0.191936
0.186843
0.178797
0.167872
0.155101
0.143143
0.132366
0.122622
0.113320
0.104906
0.097671
0.091249
0.084827
0.078331
0.072057
0.066299
0.061058
0.056407
0.052347
0.047549
0.041348
0.033819
0.026142
0.019646
0.014774
0.012559
0.013593
0.017432
0.022894
0.026880
0.030424
0.030719
0.029242
0.023928
0.018908
0.015365
0.015955
0.019942
0.025847
0.032343
0.038396
0.044301
0.048435
0.051093
0.053602
0.057146
0.063198
0.069694
0.075895
0.081210
0.086820
0.093611
0.100550
0.106899
0.113099
0.119153
0.125205
0.129044
0.131701
0.133325
0.135540
0.137754
0.140117
0.143512
0.147646
0.152666
0.156947
0.161376
0.165362
0.169939
0.174368
0.179683
0.185588
0.192232
0.198432
0.204190
0.209210
0.214377
0.219987
0.227369
0.235636
0.244199
0.251729
0.258963
0.266640
0.274612
0.282584
0.291000
0.300596
0.310192
0.316984
0.318460
0.315507
0.308863
0.301039
0.292329
0.284504
0.278008
0.272988
0.267674
0.259996
0.249071
0.236227
0.223235
0.211719
0.202271
0.195037
0.190755
0.188836
0.188689
0.187951
0.186031
0.182635
0.178354
0.173630
0.168758
0.163886
0.160195
0.158718
0.160342
0.164919
0.171563
0.179535
0.187212
0.193265
0.197842
0.200352
0.202123
0.202566
0.202566
0.201238
0.199171
0.195923
0.191789
0.186769
0.181750
0.177173
0.171563
0.164329
0.149270
0.110294
0.024961
-0.118098
-0.308695
-0.527342
-0.758244
-0.984274
-1.183581
-1.333874
-1.434708
-1.501292
-1.551045
-1.592530
-1.627373
-1.658819
-1.688198
-1.716101
-1.741051
-1.763049
-1.782685
-1.800696
-1.815903
-1.828009
-1.837605
-1.846168
-1.853697
-1.858865
-1.860046
-1.857093
-1.851630
-1.847054
-1.844691
-1.844691
-1.846758
-1.850745
-1.855616
-1.854879
-1.843806
-1.821070
-1.793019
-1.764230
-1.735589
-1.706210
-1.677126
-1.647008
-1.611280
-1.567580
-1.521665
-1.479589
-1.437366
-1.382003
-1.306413
-1.215470
-1.120098
-1.034322
-0.977187
-0.969953
-1.018968
-1.107696
-1.205283
-1.281020
-1.309514
-1.277329
-1.185352
-1.051447
-0.896135
-0.734179
-0.564399
-0.373507
-0.148363
0.109556
0.379433
0.640305
0.876521
1.073909
1.217411
1.299939
1.335371
1.346001
1.349840
1.352202
1.354859
1.356483
1.359436
1.361060
1.361503
1.356779
1.346739
1.331828
1.315145
1.298758
1.282666
1.267902
1.255058
1.246495
1.240885
1.236751
1.231731
1.226712
1.222873
1.220954
1.219035
1.216525
1.214015
1.214310
1.217558
1.221692
1.224350
1.224054
1.221102
1.215344
1.207372
1.198366
1.190984
1.188179
1.188327
1.189655
1.189655
1.189655
1.189655
1.189655
1.189655
1.190837
1.192313
1.193199
1.189803
1.183012
1.174006
1.164705
1.155552
1.147432
1.143593
1.144331
1.147284
1.149351
1.149794
1.149794
1.148760
1.146103
1.143150
1.142412
1.144774
1.147727
1.149499
1.149056
1.145365
1.136507
1.122334
1.106537
1.092364
1.081291
1.073024
1.068299
1.067709
1.069776
1.072433
1.073909
1.074500
1.073467
1.073024
1.073024
1.074943
1.077010
1.080848
1.087344
1.096645
1.105799
1.112442
1.116871
1.120119
1.121300
1.119824
1.117462
1.118052
1.121891
1.127058
1.130454
1.131930
1.131635
1.128977
1.123958
1.118200
1.113771
1.112885
1.114214
1.118791
1.124991
1.134145
1.143445
1.152008
1.157471
1.161014
1.161605
1.159538
1.155109
1.152747
1.155256
1.162786
1.172825
1.184193
1.197333
1.211358
1.225235
1.237784
1.249448
1.260963
1.272479
1.282813
1.291376
1.296986
1.301415
1.303482
1.305697
1.307025
1.306878
1.302301
1.293296
1.282223
1.275136
1.272479
1.274693
1.277941
1.285471
1.296248
1.308207
1.315441
1.318098
1.318098
1.318098
1.318098
1.317803
1.316179
1.312636
1.305992
1.296100
1.282813
1.267902
1.252843
1.239261
1.227598
1.219035
1.214015
1.212096
1.211506
1.209439
1.205452
1.199399
1.192756
1.186407
1.182421
1.182274
1.183750
1.185226
1.185226
1.185226
1.185226
1.185226
1.185226
1.186555
1.188917
1.191722
1.191575
1.188327
1.182864
1.177402
1.173859
1.172678
1.174006
1.176368
1.180797
1.187441
1.196299
1.203828
1.208996
1.211653
1.213868
1.214754
1.213277
1.208848
1.203681
1.200876
1.202204
1.208700
1.219035
1.232913
1.248709
1.267016
1.285028
1.301563
1.313078
1.320755
1.325332
1.328728
1.330647
1.330943
1.328876
1.325184
1.319870
1.313817
1.306730
1.299644
1.293148
1.288128
1.284289
1.280599
1.276317
1.270707
1.265097
1.259930
1.255648
1.251515
1.248709
1.248414
1.249890
1.249890
1.248709
1.248709
1.251367
1.254467
1.257568
1.260816
1.263621
1.264949
1.264949
1.264949
1.263768
1.262292
1.259930
1.258158
1.256682
1.254763
1.252105
1.248857
1.245757
1.243099
1.239408
1.234980
1.228926
1.221249
1.211801
1.202647
1.195856
1.194970
1.200285
1.211210
1.223907
1.232913
1.234537
1.228041
1.217116
1.205600
1.194675
1.186407
1.180207
1.177402
1.174154
1.168986
1.161014
1.152894
1.147727
1.146103
1.148170
