-0.947629
-0.957615
-0.933930
-0.880362
-0.818517
-0.765012
-0.723561
-0.687625
-0.653718
-0.621016
-0.585129
-0.539005
-0.478412
-0.406104
-0.327829
-0.251298
-0.184899
-0.137068
-0.112434
-0.110008
-0.126544
-0.153169
-0.172635
-0.163113
-0.110256
-0.016207
0.106617
0.244110
0.378625
0.479331
0.507999
0.440871
0.288872
0.084269
-0.141388
-0.363747
-0.554526
-0.683742
-0.739355
-0.737349
-0.704108
-0.657153
-0.601233
-0.536166
-0.462907
-0.382856
-0.300534
-0.219191
-0.133667
-0.031444
0.095561
0.240812
0.391125
0.542260
0.702119
0.881952
1.086892
1.314706
1.560778
1.819223
2.078671
2.309819
2.462779
2.486148
2.356533
2.094656
1.745854
1.358894
0.972683
0.628038
0.365267
0.206206
0.137030
0.115885
0.107100
0.096492
0.088226
0.086776
0.096358
0.121262
0.162513
0.208139
0.235640
0.225491
0.173557
0.087453
-0.021560
-0.143454
-0.266798
-0.380983
-0.480620
-0.566337
-0.641108
-0.704568
-0.748792
-0.760343
-0.728468
-0.655317
-0.553867
-0.436976
-0.312545
-0.185648
-0.060806
0.061523
0.185689
0.314325
0.442744
0.556953
0.638079
0.671090
0.654004
0.597528
0.517683
0.426069
0.331362
0.241126
0.161305
0.093543
0.035931
-0.006335
-0.016485
0.026434
0.133079
0.294799
0.493783
0.708330
0.916086
1.091315
1.216302
1.290009
1.327079
1.343779
1.350206
1.352744
1.359486
1.379061
1.415262
1.466373
1.528480
1.595976
1.655449
1.684255
1.663109
1.589911
1.481791
1.357964
1.230246
1.103301
0.983655
0.879571
0.795352
0.726720
0.665991
0.613453
0.581433
0.581482
0.611085
0.654149
0.699243
0.741776
0.772394
0.770944
0.720413
0.625706
0.505020
0.374958
0.244267
0.125128
0.035182
-0.011266
-0.010009
0.046347
0.178536
0.412609
0.751998
1.167994
1.616179
2.054601
2.446914
2.753341
2.932943
2.959333
2.832364
2.584564
2.263735
1.918884
1.594864
1.338607
1.191339
1.166689
1.239767
1.365624
1.498538
1.601196
1.647063
1.628697
1.561322
1.468572
1.368138
1.267993
1.172537
1.086651
1.015022
0.958135
0.913525
0.876308
0.837111
0.782882
0.702168
0.597625
0.496707
0.444701
0.494822
0.681094
1.001827
1.422995
1.886163
2.330240
2.693892
2.928110
3.003267
2.908874
2.660495
2.293266
1.858759
1.404290
0.976646
0.619809
0.372880
0.242769
0.201880
0.207003
0.223291
0.234069
0.234504
0.229478
0.228608
0.239965
0.266500
0.305504
0.350840
0.397094
0.440690
0.481192
0.518843
0.557703
0.605841
0.667900
0.734018
0.787232
0.817053
0.824834
0.810528
0.769494
0.703907
0.628026
0.556107
0.489554
0.421018
0.345910
0.263214
0.172059
0.070706
-0.033643
-0.124363
-0.181008
-0.192415
-0.157519
-0.083667
0.018701
0.131943
0.230686
0.284818
0.273653
0.196757
0.078004
-0.039395
-0.100196
-0.050318
0.138226
0.454319
0.853109
1.277418
1.672679
1.983794
2.161609
2.173788
2.021928
1.740973
1.377804
0.977033
0.579742
0.236003
-0.005900
-0.124508
-0.139443
-0.091980
-0.024557
0.030397
0.053983
0.045283
0.020537
-0.006722
-0.025234
-0.019868
0.029479
0.129817
0.264760
0.411400
0.557122
0.689601
0.782496
0.795884
0.708547
0.534599
0.311739
0.074573
-0.153604
-0.349253
-0.487387
-0.559063
-0.580378
-0.579943
-0.576028
-0.571920
-0.563123
-0.547657
-0.527405
-0.505076
-0.479702
-0.449543
-0.415903
-0.382989
-0.348866
-0.306914
-0.252395
-0.188017
-0.118514
-0.045533
0.028222
0.095791
0.149826
0.189168
0.219522
0.246394
0.275684
0.311836
0.356592
0.401154
0.439336
0.476455
0.530878
0.611013
0.711254
0.822515
0.944409
1.064660
1.144794
1.134354
1.013427
0.805212
0.552724
0.289507
0.036535
-0.184053
-0.350123
-0.453264
-0.510780
-0.552055
-0.593138
-0.626100
-0.633350
-0.608217
-0.557952
-0.489320
-0.405028
-0.311553
-0.223396
-0.156601
-0.114068
-0.090289
-0.074146
-0.048433
0.008696
0.117057
0.274717
0.463792
0.659925
0.844361
0.988488
1.054896
1.014780
0.878676
0.688055
0.484575
0.298206
0.161039
0.110193
0.162199
0.294339
0.465242
0.640302
0.789552
0.874037
0.857217
0.732327
0.532134
0.301106
0.083224
-0.081202
-0.151574
-0.107978
0.033055
0.229574
0.434503
0.605020
0.700911
0.695401
0.589746
0.416427
0.223774
0.067468
0.004540
0.077134
0.291827
0.615459
0.994771
1.376983
1.706608
1.926714
1.989932
1.881378
1.625797
1.269685
0.874037
0.505455
0.235954
0.116380
0.156496
0.321986
0.556494
0.793419
0.966738
1.023480
0.950885
0.777953
0.550984
0.303329
0.054128
-0.181250
-0.385212
-0.549639
-0.680233
-0.787530
-0.870372
-0.908071
-0.877525
-0.772257
-0.613051
-0.424845
-0.217305
0.019619
0.295789
0.605696
0.933389
1.263595
1.581911
1.861369
2.054504
2.114436
2.026858
1.824443
1.560356
1.275001
0.991001
0.735710
0.541801
0.427543
0.377375
0.361135
0.356108
0.352919
0.347312
0.335132
0.315413
0.289313
0.261184
0.231508
0.192262
0.129720
0.039628
-0.066219
-0.175353
-0.281685
-0.376802
-0.440601
-0.456647
-0.431225
-0.387726
-0.343453
-0.299567
-0.254811
-0.212376
-0.177094
-0.141521
-0.096669
-0.041473
0.005699
0.019136
-0.018950
-0.106142
-0.225716
-0.357952
-0.477333
-0.547029
-0.531369
-0.421848
-0.245049
-0.038283
0.169159
0.348858
0.468046
0.504779
0.468819
0.389941
0.289023
0.173992
0.053451
-0.053363
-0.130695
-0.177094
-0.200486
-0.205223
-0.198360
-0.195460
-0.220302
-0.285358
-0.382699
-0.495023
-0.601258
-0.684389
-0.730305
-0.738618
-0.721025
-0.695989
-0.678686
-0.680039
-0.697052
-0.716095
-0.718801
-0.698212
-0.655390
-0.597874
-0.539972
-0.504303
-0.509910
-0.558435
-0.638473
-0.735428
-0.831899
-0.903817
-0.929917
-0.907201
-0.851232
-0.778637
-0.698212
-0.614694
-0.532143
-0.452394
-0.372549
-0.290674
-0.208412
-0.134851
-0.090675
-0.101792
-0.183087
-0.322573
-0.491156
-0.653650
-0.770324
-0.798840
-0.711939
-0.518803
-0.259161
0.019715
0.272010
0.450646
0.510095
0.427833
0.218458
-0.077046
-0.413341
-0.748381
-1.044175
-1.268050
-1.406667
-1.469305
-1.478972
-1.462152
-1.438953
-1.423099
-1.417686
-1.418169
-1.409276
-1.354081
-1.196131
-0.876172
-0.380572
0.254901
0.961422
1.678769
2.335508
2.839131
3.085238
3.020666
2.669871
2.113953
1.444841
0.738127
0.060991
-0.517159
-0.940840
-1.193424
-1.310969
-1.350118
-1.355918
-1.348861
-1.334941
-1.320635
-1.313869
-1.321698
-1.341805
-1.367711
-1.388493
-1.397193
-1.385593
-1.352244
-1.301109
-1.243207
-1.189268
-1.149248
-1.127692
-1.124889
-1.132235
-1.142096
-1.149055
-1.153309
-1.153502
-1.150022
-1.145575
-1.145189
-1.149829
-1.157562
-1.165102
-1.172448
-1.179602
-1.189075
-1.200094
-1.212081
-1.222714
-1.232767
-1.243207
-1.253260
-1.259060
-1.256933
-1.247460
-1.235474
-1.225807
-1.219040
-1.215560
-1.217301
-1.226967
-1.243400
-1.260993
-1.273946
-1.280132
-1.281679
-1.281099
-1.282066
-1.285352
-1.292119
-1.300045
-1.308165
-1.315512
-1.318992
-1.318025
-1.312419
-1.307779
-1.305072
-1.303912
-1.301592
-1.296952
-1.291152
-1.282452
-1.272206
-1.259639
-1.247846
-1.239533
-1.238180
-1.244946
-1.256546
-1.270659
-1.286319
-1.302752
-1.315125
-1.318025
-1.312032
-1.302172
-1.292892
-1.282646
-1.269306
-1.250940
-1.228514
-1.199515
-1.166841
-1.134169
-1.110969
-1.101303
-1.103043
-1.113869
-1.129723
-1.148475
-1.165875
-1.178634
-1.192168
-1.208601
-1.230640
-1.255193
-1.278779
-1.298306
-1.309326
-1.311258
-1.307779
-1.301399
-1.293859
-1.283032
-1.270659
-1.260220
-1.251907
-1.245140
-1.236247
-1.228321
-1.220007
-1.206667
-1.181148
-1.144416
-1.106717
-1.074624
-1.048911
-1.028032
-1.015851
-1.012372
-1.011985
-1.003865
-0.989365
-0.972159
-0.959979
-0.951280
-0.942193
-0.928853
-0.895794
-0.839149
-0.756211
-0.677333
-0.614694
-0.586274
-0.584728
-0.627453
-0.700339
-0.792170
-0.866795
-0.920347
-0.951666
-0.970806
-0.982986
-0.992652
-1.006185
-1.019332
-1.028998
-1.031705
-1.033251
-1.040791
-1.057031
-1.080424
-1.112130
-1.151375
-1.196421
-1.237987
-1.271239
-1.294632
-1.311452
-1.325372
-1.339871
-1.354757
-1.368677
-1.379890
-1.389943
-1.397677
-1.401929
-1.397290
-1.379890
-1.328465
-1.191395
-0.907201
-0.447271
0.146056
0.801442
1.457408
2.045321
2.454599
2.560930
2.326808
1.836332
1.216713
