-0.803782
-0.864014
-0.867263
-0.785907
-0.600301
-0.410699
-0.269387
-0.195520
-0.159600
-0.177827
-0.263331
-0.412225
-0.502686
-0.504638
-0.440792
-0.449318
-0.537233
-0.640323
-0.722838
-0.803142
-0.921576
-0.975066
-0.901153
-0.707083
-0.505615
-0.368435
-0.272239
-0.201437
-0.185041
-0.267694
-0.442363
-0.602055
-0.701485
-0.732981
-0.756149
-0.773079
-0.764752
-0.720489
-0.656719
-0.592156
-0.504181
-0.330289
-0.063221
0.229105
0.402204
0.414177
0.300944
0.104158
-0.158746
-0.466691
-0.675205
-0.728039
-0.627832
-0.496112
-0.372721
-0.287857
-0.236838
-0.230341
-0.245700
-0.260800
-0.225917
-0.147566
-0.035629
0.032045
0.044033
0.009151
-0.048640
-0.128821
-0.230859
-0.318316
-0.366224
-0.378197
-0.377144
-0.377144
-0.386006
-0.396408
-0.398498
-0.375070
-0.334453
-0.283953
-0.236579
-0.187649
-0.164740
-0.176713
-0.226695
-0.299571
-0.396927
-0.518762
-0.614028
-0.610383
-0.497409
-0.333934
-0.208987
-0.131948
-0.093939
-0.133504
-0.273550
-0.497409
-0.649947
-0.668174
-0.558845
-0.439099
-0.346960
-0.282397
-0.229822
-0.233986
-0.285524
-0.333934
-0.306343
-0.241795
-0.196496
-0.200660
-0.226177
-0.279270
-0.388080
-0.529164
-0.650466
-0.690031
-0.667655
-0.605700
-0.537492
-0.466691
-0.402661
-0.365171
-0.390688
-0.480235
-0.603611
-0.649429
-0.587992
-0.423481
-0.265223
-0.131948
-0.030947
0.045071
0.027363
-0.103823
-0.270424
-0.349553
-0.314152
-0.242314
-0.200660
-0.186078
-0.166296
-0.164222
-0.197533
-0.257932
-0.278752
-0.244388
-0.182967
-0.144440
-0.154842
-0.207950
-0.294370
-0.401624
-0.523445
-0.633810
-0.706701
-0.722320
-0.710865
-0.695247
-0.694210
-0.694210
-0.702537
-0.721267
-0.735849
-0.701485
-0.604663
-0.458882
-0.324570
-0.225658
-0.159006
-0.104875
-0.071549
-0.068422
-0.068422
-0.026783
0.038817
0.078382
0.078382
0.075270
0.108581
0.162727
0.225201
0.314747
0.482385
0.808282
1.372633
2.269119
3.481115
4.897171
6.234114
7.193074
7.525239
7.176418
6.278880
5.056482
3.761209
2.588778
1.701656
1.155013
0.872845
0.695826
0.508406
0.327239
0.215836
0.174182
0.163764
0.143982
0.117946
0.081508
0.027363
-0.034058
-0.101748
-0.152767
-0.172550
-0.143387
-0.080914
-0.011165
0.047145
0.087762
0.095053
0.064853
0.010707
-0.009075
0.020072
0.084635
0.126289
0.129401
0.100254
0.045071
-0.026783
-0.107986
-0.148603
-0.119441
-0.023656
0.091926
0.172092
0.210619
0.224163
0.213746
0.172092
0.098164
0.096090
0.204381
0.397003
0.544859
0.605243
0.599005
0.534442
0.380347
0.157526
-0.034058
-0.063221
0.061726
0.276220
0.469894
0.603169
0.661478
0.594841
0.399077
0.109618
-0.150678
-0.308951
-0.358933
-0.336024
-0.277714
-0.206913
-0.138186
-0.092368
-0.069474
-0.067385
-0.048640
-0.009075
0.053398
0.097127
0.107544
0.078382
0.022162
-0.034058
-0.088204
-0.115277
-0.109039
-0.071549
-0.009075
0.022162
0.015908
-0.042401
-0.094458
-0.125694
-0.138186
-0.140276
-0.123605
-0.054893
0.030489
0.111708
0.155436
0.213746
0.309546
0.486549
0.792663
1.336180
2.071296
2.816815
3.306186
3.506098
3.449878
3.127093
2.508611
1.704783
1.009246
0.571932
0.357438
0.234566
0.117946
0.015908
-0.069474
-0.152767
-0.269387
-0.396408
-0.473463
-0.477627
-0.446390
-0.444316
-0.444316
-0.427645
-0.386006
-0.365171
-0.369335
-0.342262
-0.238150
-0.084040
0.063816
0.157526
0.211657
0.234566
0.232491
0.186673
0.113782
0.045071
0.028415
0.038817
0.038817
-0.013239
-0.104875
-0.215241
-0.325607
-0.421407
-0.460971
-0.415153
-0.294370
-0.144440
-0.007001
0.128364
0.236655
0.319948
0.363676
0.421986
0.532367
0.707281
0.884299
0.998829
1.019649
0.973846
0.867629
0.694789
0.476132
0.267892
0.172092
0.180420
0.257475
0.301203
0.294965
0.247072
0.165854
0.030489
-0.156931
-0.338098
-0.431809
-0.444316
-0.388080
-0.319368
-0.236060
-0.175676
-0.154842
-0.169423
-0.221479
-0.269387
-0.306862
-0.313115
-0.304787
-0.283953
-0.256895
-0.223569
-0.202749
-0.192332
-0.167349
-0.092368
0.007580
0.082546
0.088799
0.051309
0.005506
-0.050729
-0.115277
-0.190242
-0.215241
-0.177751
-0.088204
-0.023656
-0.011165
-0.056967
-0.127769
-0.221479
-0.336024
-0.450554
-0.492208
-0.444316
-0.325607
-0.215241
-0.127769
-0.048640
0.034653
0.122125
0.170018
0.188763
0.199165
0.211657
0.188763
0.090889
-0.069474
-0.236060
-0.379752
-0.485954
-0.558845
-0.567173
-0.488044
-0.344352
-0.175676
-0.029895
0.078382
0.142945
0.149183
0.109618
0.022162
-0.059057
-0.134022
-0.171512
-0.215241
-0.261059
-0.323532
-0.363097
-0.379752
-0.377663
-0.342262
-0.258969
-0.136112
-0.025731
0.036743
0.057562
0.030489
-0.056967
-0.213151
-0.413079
-0.598410
-0.750430
-0.860796
-0.962834
-1.060708
-1.160672
-1.223145
-1.254382
-1.254382
-1.221056
-1.133599
-0.987832
-0.839976
-0.740012
-0.708776
-0.744176
-0.827484
-0.937850
-1.052380
-1.135688
-1.181491
-1.181491
-1.179417
