-2.250059
-2.209164
-2.120991
-1.971165
-1.760343
-1.497042
-1.194196
-0.872667
-0.561699
-0.287674
-0.062623
0.116024
0.257329
0.371650
0.467141
0.549302
0.620565
0.682251
0.735762
0.781417
0.820443
0.854002
0.884171
0.911763
0.936755
0.959290
0.979385
0.997708
1.014304
1.028953
1.040536
1.048186
1.051625
1.052141
1.050973
1.049091
1.046497
1.043782
1.042154
1.041704
1.040251
1.035474
1.027823
1.020419
1.015346
1.012056
1.009434
1.007997
1.008995
1.011672
1.013767
1.013734
1.012790
1.011913
1.011090
1.008567
1.004323
0.999277
0.994977
0.991621
0.989471
0.988846
0.990316
0.992904
0.995690
0.998213
1.000648
1.002173
1.001997
1.000692
0.999869
1.000023
1.000517
1.000484
0.999968
0.999145
0.997862
0.995240
0.990436
0.983405
0.975727
0.968904
0.963377
0.958682
0.954843
0.952473
0.952024
0.953022
0.954645
0.955885
0.956049
0.955501
0.954261
0.951629
0.946616
0.939684
0.933091
0.928233
0.925008
0.922858
0.921915
0.922112
0.921892
0.920335
0.917922
0.916386
0.915772
0.915838
0.916913
0.919370
0.923055
0.927245
0.931809
0.936569
0.940891
0.945256
0.949753
0.953505
0.954997
0.954250
0.953482
0.953329
0.953241
0.952320
0.951508
0.951421
0.951903
0.952802
0.954360
0.956576
0.958835
0.961578
0.964495
0.965833
0.962894
0.955501
0.944971
0.931852
0.915399
0.895853
0.874245
0.850771
0.823920
0.792330
0.755146
0.711667
0.661890
0.605840
0.543867
0.475071
0.397676
0.309509
0.206536
0.083400
-0.068429
-0.259415
-0.497305
-0.778850
-1.086062
-1.392045
-1.671418
-1.904657
-2.078730
-2.188593
-2.235407
-2.222398
-2.149873
-2.017064
-1.826867
-1.585423
-1.305765
-1.008930
-0.722405
-0.469379
-0.260315
-0.093568
0.038758
0.145856
0.235098
0.311243
0.376682
0.433149
0.482135
0.524453
0.561176
0.593534
0.622798
0.649364
0.673056
0.694073
0.712632
0.729304
0.744046
0.756506
0.765633
0.770590
0.771511
0.769976
0.768002
0.766861
0.766510
0.766861
0.768484
0.770547
0.770547
0.766422
0.759490
0.753259
0.749618
0.748039
0.747907
0.749618
0.753786
0.758832
0.762386
0.763834
0.764360
0.765237
0.765808
0.765106
0.763351
0.761859
0.761640
0.762561
0.764448
0.767607
0.771994
0.776601
0.780374
0.783270
0.785552
0.787000
0.787175
0.786736
0.786297
0.786254
0.786605
0.786736
0.786517
0.785464
0.784016
0.781296
0.776206
0.768396
0.759710
0.751812
0.745275
0.739395
0.734437
0.730708
0.728295
0.725838
0.722504
0.717545
0.711228
0.704252
0.696705
0.688193
0.678146
0.667528
0.658271
0.650988
0.645284
0.640633
0.637254
0.634578
0.630893
0.625672
0.619660
0.614572
0.610184
0.606411
0.603339
0.600882
0.598996
0.597153
0.595837
0.594828
0.594170
0.595530
0.599083
0.603778
0.606981
0.608955
0.611588
0.615185
0.618651
0.620977
0.622645
0.624180
0.624882
0.625540
0.626462
0.628436
0.631025
0.635236
0.640545
0.645064
0.646030
0.643529
0.638571
0.631507
0.621986
0.610184
0.596671
0.580612
0.560606
0.535816
0.505674
0.469477
0.426919
0.377735
0.321838
0.257562
0.183457
0.097024
-0.005468
-0.129678
-0.283942
-0.476991
-0.712292
-0.981640
-1.264501
-1.536525
-1.776388
-1.969745
-2.108872
-2.194911
-2.238522
-2.256950
-2.265593
-2.272569
-2.278054
-2.278756
-2.273798
-2.265023
-2.256643
-2.249974
-2.245060
-2.240979
-2.237952
-2.234749
-2.228124
-2.213075
-2.181046
-2.114971
-1.999887
-1.833031
-1.634541
-1.427145
-1.229357
-1.057543
-0.929516
-0.856903
-0.829570
-0.826059
-0.827375
-0.825094
-0.817899
-0.806403
-0.792013
-0.775647
-0.757702
-0.739626
-0.724006
-0.712248
-0.704087
-0.698120
-0.693645
-0.690223
-0.687327
-0.684168
-0.681009
-0.678201
-0.676885
-0.677411
-0.679780
-0.683817
-0.688731
-0.694435
-0.700139
-0.706193
-0.712862
-0.720847
-0.730412
-0.741557
-0.754719
-0.769724
-0.786221
-0.802806
-0.818338
-0.832553
-0.845276
-0.856684
-0.866073
-0.873357
-0.878183
-0.880640
-0.881429
-0.880991
-0.879323
-0.875989
-0.871075
-0.865723
-0.860633
-0.856509
-0.853174
-0.850892
-0.848962
-0.847909
-0.847207
-0.846417
-0.845540
-0.844663
-0.844575
-0.845101
-0.846856
-0.850366
-0.855016
-0.859843
-0.863528
-0.866249
-0.867565
-0.868003
-0.866687
-0.864582
-0.862212
-0.860896
-0.860984
-0.862388
-0.865371
-0.868881
-0.871865
-0.873268
-0.873532
-0.873532
-0.873532
-0.873532
-0.873532
-0.873532
-0.873532
-0.873181
-0.872216
-0.870461
-0.869057
-0.868706
-0.871514
-0.877481
-0.886782
-0.897488
-0.908720
-0.919513
-0.929516
-0.938467
-0.946101
-0.952243
-0.957070
-0.961106
-0.965318
-0.970144
-0.976375
-0.984185
-0.994012
-1.004718
-1.014370
-1.020863
-1.023496
-1.022619
-1.019109
-1.014019
-1.009193
-1.005420
-1.003226
-1.001032
-0.997873
-0.992871
-0.986115
-0.978217
-0.969881
-0.962598
-0.957772
-0.955578
-0.955754
-0.957070
-0.958824
-0.959702
