-2.871939
-2.819512
-2.707529
-2.522368
-2.266277
-1.951423
-1.597321
-1.231869
-0.889101
-0.595510
-0.359441
-0.173799
-0.026474
0.093205
0.192623
0.277293
0.349698
0.411142
0.462801
0.505626
0.542158
0.573728
0.602298
0.627909
0.650048
0.668814
0.684693
0.699167
0.711958
0.721906
0.727719
0.728878
0.726339
0.721668
0.716839
0.712907
0.710024
0.708649
0.708929
0.710514
0.710193
0.705935
0.697897
0.689847
0.685071
0.683743
0.684489
0.687285
0.693296
0.702440
0.711213
0.717200
0.721254
0.725494
0.730131
0.732798
0.732728
0.731261
0.729851
0.728604
0.727253
0.726787
0.728115
0.730445
0.732495
0.733917
0.735512
0.736747
0.736409
0.734604
0.733509
0.735291
0.740091
0.746486
0.752614
0.757646
0.760989
0.761863
0.759487
0.754046
0.748327
0.744319
0.742269
0.741162
0.740417
0.740347
0.740545
0.740510
0.740102
0.739299
0.737994
0.737225
0.737493
0.738483
0.738763
0.738331
0.739217
0.741943
0.744716
0.745251
0.743760
0.742549
0.741244
0.739217
0.735909
0.733346
0.732181
0.732204
0.733579
0.735862
0.738961
0.742502
0.747325
0.753149
0.758532
0.762725
0.766010
0.768084
0.768107
0.765964
0.764006
0.763191
0.762399
0.760209
0.756644
0.753336
0.750330
0.748234
0.747628
0.749305
0.752194
0.755596
0.757716
0.757343
0.752264
0.742991
0.731319
0.718062
0.703011
0.684885
0.663520
0.638497
0.609561
0.576501
0.539153
0.496260
0.447403
0.391510
0.328161
0.255005
0.169755
0.071132
-0.042727
-0.175832
-0.337779
-0.541175
-0.797109
-1.105581
-1.449630
-1.799807
-2.125659
-2.403564
-2.616628
-2.754462
-2.812918
-2.792602
-2.695121
-2.523458
-2.286046
-1.994768
-1.667844
-1.329503
-1.010267
-0.734040
-0.509210
-0.329694
-0.184638
-0.064511
0.036628
0.122995
0.196269
0.258150
0.310478
0.355141
0.394003
0.428392
0.460334
0.490389
0.517532
0.540877
0.562265
0.583932
0.605554
0.624285
0.639336
0.651591
0.662029
0.669950
0.675962
0.681134
0.686819
0.693342
0.700565
0.707555
0.711562
0.711655
0.709325
0.708999
0.713099
0.721067
0.731738
0.745950
0.764729
0.786490
0.806899
0.823907
0.838725
0.852471
0.864027
0.871250
0.874558
0.875770
0.876655
0.878006
0.880336
0.883225
0.886487
0.889982
0.893942
0.898136
0.902190
0.905918
0.909366
0.913327
0.918545
0.925721
0.934249
0.942869
0.950325
0.956056
0.959970
0.961182
0.958899
0.953307
0.947016
0.941751
0.937977
0.934156
0.930428
0.927352
0.926188
0.926281
0.927166
0.927446
0.927073
0.926653
0.926141
0.924463
0.921062
0.917753
0.916728
0.917613
0.918173
0.917381
0.915750
0.913793
0.909086
0.900792
0.889888
0.879451
0.870224
0.862443
0.856618
0.852844
0.850327
0.848464
0.847765
0.847951
0.848231
0.848510
0.848976
0.849163
0.847765
0.844922
0.841940
0.839144
0.835789
0.831502
0.826144
0.820505
0.814355
0.809369
0.806853
0.807132
0.808856
0.811699
0.813609
0.813003
0.806666
0.796601
0.785558
0.775632
0.766034
0.755083
0.742409
0.726752
0.705923
0.677546
0.641573
0.598890
0.550615
0.496563
0.436639
0.369121
0.291397
0.200300
0.092567
-0.037531
-0.200528
-0.410448
-0.677308
-0.998455
-1.353897
-1.713020
-2.045303
-2.327261
-2.542353
-2.683542
-2.757817
-2.787033
-2.795841
-2.800127
-2.803017
-2.801991
-2.794489
-2.781069
-2.761452
-2.735264
-2.700689
-2.657820
-2.606610
-2.547199
-2.477676
-2.395153
-2.288492
-2.137565
-1.926387
-1.657942
-1.360327
-1.061128
-0.782292
-0.543482
-0.366879
-0.263434
-0.218374
-0.203930
-0.199130
-0.195356
-0.193492
-0.193212
-0.195076
-0.197592
-0.201553
-0.208356
-0.220565
-0.237432
-0.256910
-0.276900
-0.298149
-0.322519
-0.350058
-0.377783
-0.403225
-0.425405
-0.444789
-0.458488
-0.463148
-0.459327
-0.452059
-0.446840
-0.443298
-0.440595
-0.439664
-0.443391
-0.450754
-0.458396
-0.465572
-0.474984
-0.489242
-0.506297
-0.523818
-0.541431
-0.559790
-0.578150
-0.594645
-0.610115
-0.625679
-0.640404
-0.652425
-0.661652
-0.669480
-0.677215
-0.682620
-0.686628
-0.689703
-0.693990
-0.698184
-0.700793
-0.700887
-0.699582
-0.697718
-0.695854
-0.692592
-0.687839
-0.681595
-0.675538
-0.669573
-0.663702
-0.656526
-0.649350
-0.642547
-0.636955
-0.630525
-0.623815
-0.618316
-0.616173
-0.617571
-0.622510
-0.632203
-0.648325
-0.669014
-0.690449
-0.708808
-0.723067
-0.733411
-0.738070
-0.735462
-0.726514
-0.714306
-0.701259
-0.686814
-0.669946
-0.651214
-0.631084
-0.611420
-0.592501
-0.576565
-0.564730
-0.557275
-0.553454
-0.552801
-0.555224
-0.559698
-0.564078
-0.566035
-0.563705
-0.556995
-0.547582
-0.537890
-0.527825
-0.517201
-0.507322
-0.501637
-0.501637
-0.506111
-0.513846
-0.526241
-0.545066
-0.570228
-0.599305
-0.629127
-0.655874
-0.677308
-0.692872
-0.703589
-0.708901
-0.706385
-0.696320
-0.682714
-0.670133
-0.660534
-0.652891
-0.648698
-0.649816
-0.655128
-0.659042
