-2.713099
-2.669585
-2.578776
-2.425720
-2.210222
-1.940527
-1.626040
-1.289507
-0.963669
-0.680123
-0.452339
-0.276233
-0.139202
-0.027937
0.066106
0.147733
0.218534
0.280912
0.336437
0.384930
0.426167
0.461147
0.493690
0.525856
0.558328
0.589399
0.618068
0.644052
0.667812
0.688757
0.706123
0.719428
0.730813
0.741179
0.751411
0.759894
0.766464
0.771326
0.775718
0.780510
0.784742
0.788198
0.792048
0.798759
0.809050
0.821123
0.834334
0.849004
0.865770
0.882665
0.897182
0.908461
0.917303
0.925062
0.931620
0.936424
0.939708
0.942299
0.945607
0.949846
0.955262
0.962067
0.970226
0.978680
0.986191
0.991878
0.996882
1.001367
1.005688
1.008950
1.012094
1.016085
1.021371
1.026269
1.028800
1.028530
1.027152
1.025727
1.024515
1.022101
1.018204
1.013671
1.009009
1.004452
0.998483
0.990936
0.983366
0.976890
0.971368
0.964692
0.955803
0.945666
0.934528
0.921742
0.907084
0.891695
0.878509
0.866958
0.856091
0.845118
0.835676
0.828188
0.820535
0.811022
0.800331
0.790394
0.780951
0.770944
0.760653
0.751587
0.744547
0.739202
0.735293
0.732514
0.730371
0.729006
0.728747
0.728794
0.728440
0.727687
0.727664
0.727734
0.726062
0.721777
0.715466
0.709061
0.704493
0.704140
0.708755
0.717797
0.729006
0.741580
0.753000
0.761124
0.762867
0.759923
0.754413
0.748338
0.740850
0.731784
0.721164
0.708637
0.691871
0.669101
0.639149
0.601543
0.556191
0.502291
0.439725
0.367764
0.285725
0.191723
0.081591
-0.050746
-0.213907
-0.419547
-0.677956
-0.988736
-1.334154
-1.682987
-2.003586
-2.271933
-2.474112
-2.604518
-2.660985
-2.642711
-2.549723
-2.385291
-2.157092
-1.872803
-1.547848
-1.207916
-0.887576
-0.613036
-0.392302
-0.219275
-0.082817
0.027220
0.119409
0.199258
0.268888
0.328439
0.378784
0.421570
0.459128
0.492730
0.523012
0.549903
0.573828
0.594667
0.611951
0.625279
0.634557
0.640538
0.643081
0.642092
0.637383
0.630130
0.622171
0.614494
0.606535
0.598623
0.592265
0.588921
0.586284
0.582423
0.577901
0.576394
0.578985
0.584306
0.591041
0.599659
0.610915
0.624102
0.637901
0.651040
0.663520
0.675482
0.686785
0.696251
0.703174
0.708590
0.713582
0.719422
0.726344
0.735011
0.745559
0.757569
0.770473
0.783612
0.795810
0.806359
0.814554
0.821194
0.827505
0.834098
0.841680
0.849263
0.856986
0.864333
0.870832
0.875495
0.878085
0.879592
0.881711
0.884443
0.887834
0.891036
0.893814
0.894945
0.895369
0.896452
0.899183
0.901161
0.900926
0.899560
0.898053
0.894992
0.888257
0.878933
0.870455
0.863815
0.857787
0.851052
0.844365
0.839184
0.834710
0.829954
0.824114
0.817474
0.809420
0.798965
0.786297
0.772357
0.759123
0.748008
0.740850
0.737365
0.736234
0.736094
0.736376
0.736234
0.734351
0.730395
0.726015
0.721965
0.717820
0.712546
0.706659
0.702232
0.700490
0.702185
0.706754
0.713582
0.721164
0.728747
0.734445
0.736141
0.731667
0.722106
0.709861
0.696769
0.683394
0.669501
0.654572
0.636676
0.614071
0.584542
0.547290
0.502267
0.451357
0.396162
0.336493
0.270795
0.196102
0.108600
0.002872
-0.127864
-0.292367
-0.502033
-0.764776
-1.076780
-1.417183
-1.753818
-2.058381
-2.311328
-2.503569
-2.630114
-2.697412
-2.725151
-2.737349
-2.748840
-2.758495
-2.760708
-2.754303
-2.743660
-2.732498
-2.719217
-2.700898
-2.676220
-2.645655
-2.609345
-2.564133
-2.507337
-2.428453
-2.308266
-2.127611
-1.885071
-1.605233
-1.316306
-1.042071
-0.805654
-0.632298
-0.537355
-0.505565
-0.507920
-0.519459
-0.530667
-0.538720
-0.542300
-0.541828
-0.539945
-0.537684
-0.535235
-0.532456
-0.530714
-0.531185
-0.534199
-0.539897
-0.549411
-0.563775
-0.583084
-0.605972
-0.631497
-0.659471
-0.688388
-0.717116
-0.742736
-0.764776
-0.781165
-0.791244
-0.792845
-0.786251
-0.771181
-0.749140
-0.720978
-0.690931
-0.662580
-0.638750
-0.618405
-0.601356
-0.586757
-0.574607
-0.562833
-0.551342
-0.541170
-0.535047
-0.533163
-0.535424
-0.539850
-0.545785
-0.552001
-0.556993
-0.559913
-0.559537
-0.557087
-0.552754
-0.547198
-0.541263
-0.537119
-0.536743
-0.540322
-0.546067
-0.552472
-0.558594
-0.564811
-0.571310
-0.578374
-0.586663
-0.596553
-0.608421
-0.620666
-0.632251
-0.643460
-0.656835
-0.674354
-0.695452
-0.717681
-0.738120
-0.754415
-0.764400
-0.767037
-0.763081
-0.755828
-0.748575
-0.742547
-0.736331
-0.728984
-0.719377
-0.707697
-0.692721
-0.675202
-0.656457
-0.638656
-0.622832
-0.608515
-0.595705
-0.584685
-0.575548
-0.567166
-0.557935
-0.547951
-0.537213
-0.525722
-0.512159
-0.496805
-0.481076
-0.465817
-0.451406
-0.438125
-0.427294
-0.419382
-0.414295
-0.411752
-0.411470
-0.412882
-0.414766
-0.416085
-0.416556
-0.416179
-0.414201
-0.410151
-0.404876
-0.401203
-0.401109
-0.405159
-0.412789
-0.422772
-0.435300
-0.449523
-0.464876
-0.480040
-0.495487
-0.512630
-0.532127
-0.552943
