-1.604127
-1.679472
-1.731641
-1.764796
-1.785827
-1.810536
-1.836572
-1.853678
-1.855171
-1.839152
-1.812502
-1.785278
-1.765694
-1.760734
-1.770007
-1.789369
-1.809447
-1.821481
-1.818086
-1.799069
-1.768357
-1.734841
-1.705389
-1.685432
-1.677626
-1.680977
-1.691906
-1.706751
-1.719500
-1.725893
-1.722851
-1.713120
-1.699172
-1.681197
-1.659915
-1.642259
-1.630163
-1.620425
-1.603234
-1.576356
-1.539689
-1.492709
-1.434987
-1.370928
-1.304798
-1.236535
-1.165135
-1.092594
-1.022285
-0.950472
-0.874742
-0.796353
-0.720813
-0.648422
-0.577762
-0.508834
-0.444963
-0.385447
-0.326269
-0.264369
-0.203647
-0.153466
-0.121117
-0.108217
-0.113575
-0.134945
-0.168637
-0.207713
-0.246023
-0.282789
-0.317849
-0.352959
-0.386990
-0.419791
-0.447624
-0.467350
-0.478066
-0.482458
-0.483738
-0.486799
-0.493325
-0.500552
-0.501331
-0.492220
-0.475706
-0.454525
-0.427797
-0.397054
-0.366186
-0.340236
-0.317924
-0.296593
-0.273805
-0.250264
-0.224515
-0.199469
-0.174648
-0.151007
-0.124003
-0.093260
-0.060509
-0.030317
-0.002711
0.022410
0.046905
0.072654
0.103347
0.143627
0.193745
0.251116
0.309265
0.359433
0.395020
0.419690
0.447346
0.493825
0.566278
0.666816
0.795837
0.944384
1.094462
1.225918
1.326229
1.389623
1.412611
1.406187
1.385131
1.366760
1.356295
1.363748
1.391454
1.436403
1.481301
1.516286
1.534882
1.538395
1.528833
1.519498
1.524442
1.552901
1.601212
1.662548
1.725390
1.777516
1.805022
1.802261
1.771141
1.724763
1.681295
1.655547
1.651154
1.664556
1.692338
1.728803
1.753548
1.749407
1.709102
1.656300
1.610924
1.590446
1.594612
1.625932
1.682701
1.754879
1.819879
1.857172
1.862292
1.845628
1.817470
1.788307
1.768882
1.770890
1.792524
1.821284
1.846281
1.861640
1.865906
1.854612
1.830871
1.810543
1.808636
1.831072
1.867211
1.906914
1.941346
1.960570
1.955601
1.927091
1.887991
1.854864
1.835790
1.832026
1.839705
1.851250
1.858176
1.850948
1.824597
1.780226
1.726218
1.678134
1.647114
1.636724
1.642496
1.658558
1.679288
1.692087
1.682902
1.646110
1.590195
1.533376
1.487349
1.462654
1.462704
1.489306
1.533778
1.583368
1.625932
1.653890
1.667091
1.671558
1.676879
1.689176
1.708651
1.733346
1.761655
1.791068
1.815612
1.832176
1.840759
1.846281
1.849442
1.850597
1.848589
1.844925
1.842014
1.842616
1.847636
1.855817
1.866207
1.878253
1.891504
1.900991
1.901895
1.890651
1.868917
1.841512
1.814006
1.790516
1.773149
1.763411
1.764064
1.773249
1.788006
1.800906
1.809489
1.812049
1.812902
1.815010
1.821485
1.831373
1.846230
1.865806
1.889396
1.911281
1.925837
1.929701
1.923628
1.913841
1.907416
1.909775
1.920968
1.940443
1.966543
1.995957
2.019849
2.029686
2.020853
1.997061
1.965539
1.934219
1.907566
1.889949
1.885331
1.897327
1.920265
1.945362
1.961424
1.966493
1.961775
1.952138
1.942802
1.938134
1.942852
1.957810
1.981250
2.005845
2.024215
2.030690
2.025219
2.009860
1.992493
1.981150
1.983208
1.997262
2.021354
2.050918
2.082490
2.105478
2.111200
2.095741
2.065976
2.032096
2.002682
1.981350
1.970408
1.969605
1.977385
1.987474
1.993597
1.990987
1.977686
1.959466
1.944609
1.942250
1.952138
1.971964
1.996961
2.024115
2.043289
2.048157
2.034304
2.008655
1.979041
1.957559
1.951385
1.961875
1.983709
2.009459
2.032849
2.045296
2.040528
2.017339
1.981350
1.944609
1.915798
1.900590
1.895620
1.897126
1.902246
1.906863
1.904354
1.889748
1.866508
1.843219
1.826454
1.817068
1.817520
1.826906
1.843721
1.858276
1.867562
1.869721
1.867161
1.856771
1.840508
1.823442
1.814307
1.814809
1.821234
1.828864
1.834184
1.836393
1.829867
1.810493
1.776662
1.734099
1.690531
1.649172
1.609017
1.566855
1.518669
1.460445
1.385457
1.292298
1.183379
1.070746
0.965541
0.879510
0.815764
0.778922
0.770289
0.790868
0.835842
0.899486
0.976884
1.062915
1.151757
1.235680
1.312576
1.379635
1.438762
1.489959
1.536237
1.579102
1.618955
1.652585
1.677681
1.691033
1.695852
1.693944
1.688824
1.680091
1.670855
1.663527
1.662021
1.663126
1.664731
1.663627
1.660615
1.654794
1.646060
1.635318
1.624577
1.615040
1.608716
1.607010
1.610824
1.618955
1.627488
1.632608
1.629897
1.621867
1.613033
1.609519
1.613234
1.626184
1.648871
1.679388
1.708701
1.727573
1.728878
1.714623
1.690531
1.666036
1.646662
1.636222
1.635921
1.645658
1.661720
1.677581
1.686917
1.685913
1.675373
1.659210
1.643249
1.628994
1.618855
1.614237
1.619257
1.630902
1.643550
1.648771
1.643851
1.628994
1.611126
1.597674
1.595967
1.607310
1.630902
1.663126
1.697157
1.722855
1.729581
1.714021
1.683303
1.649272
1.622068
1.603597
1.596068
1.599681
1.612531
1.626585
1.632708
1.626886
1.610322
1.588839
1.566955
1.550191
1.539450
1.536940
1.538546
1.541959
1.541959
1.536137
1.521079
1.498492
1.474600
1.459241
1.457635
1.469079
1.490160
1.517264
1.547179
1.572476
1.586430
1.584624
1.570268
1.550291
1.531820
1.518569
1.510538
1.507024
1.507527
1.508029
1.505720
1.496283
1.481125
1.461751
1.445689
1.435851
1.432538
1.428824
1.424005
1.418182
1.411557
1.401619
1.388066
1.374916
1.365279
1.361464
1.365078
1.376723
1.392182
1.407341
1.418484
1.427016
1.430631
1.427619
1.417681
1.407140
1.402522
1.406237
1.412862
1.418484
1.421596
1.423503
1.421797
1.416878
1.412561
1.415472
1.424608
1.434345
1.437557
1.433341
1.419187
1.392885
1.352028
1.306553
1.269812
1.249233
1.240399
1.234275
1.226746
1.213796
1.192614
1.157680
1.113109
1.069240
1.042035
1.037015
1.051873
1.080282
1.121139
1.163603
1.193618
1.198135
1.187194
1.172135
1.159387
1.150252
1.153564
1.174143
1.205464
1.229256
1.238792
1.229256
1.201549
1.159186
1.116923
1.092028
1.089718
1.107086
1.134491
1.164406
1.181070
1.176151
1.147641
1.105078
1.059402
1.021055
1.000676
1.001178
1.013525
1.023664
1.017139
0.994352
0.954498
0.903000
0.844073
0.791973
0.766776
0.778521
0.821587
0.870575
0.904205
0.912336
0.896475
0.856421
0.794683
0.722806
0.659161
0.617702
0.598327
0.594211
0.594814
0.592003
0.577748
0.546528
0.500651
0.446944
0.398458
0.362118
0.344149
0.338628
0.336218
0.326581
0.307809
0.282210
0.255106
0.232519
0.227500
0.247376
0.292349
0.351377
0.410805
0.458790
0.486497
0.491617
0.482682
0.473045
0.478867
0.506172
0.557570
0.625432
0.694196
0.744489
0.759247
0.732142
0.656853
0.530265
0.361315
0.170882
-0.012424
-0.171938
-0.297120
-0.381243
-0.426317
-0.447900
-0.466270
-0.494880
-0.531823
-0.573382
-0.609221
-0.629298
-0.627792
-0.612734
-0.596070
-0.586332
-0.584727
-0.592055
-0.605908
-0.619460
-0.626487
-0.629097
-0.630803
-0.636526
-0.645761
-0.660919
-0.680093
-0.699669
-0.716032
-0.731190
-0.748356
-0.769537
-0.794233
-0.823847
-0.858379
-0.894418
-0.926040
-0.951036
-0.970210
-0.982257
-0.983963
-0.973523
-0.953747
-0.927044
-0.891407
-0.846233
-0.793832
-0.738819
-0.683506
-0.628395
-0.574688
-0.524294
-0.476109
-0.431738
-0.390178
-0.352533
-0.316795
-0.283266
-0.252949
-0.225644
-0.198640
-0.171436
-0.146138
-0.125860
-0.112007
-0.103173
-0.101868
-0.105381
-0.112810
-0.119837
-0.126262
-0.130478
-0.132084
-0.130076
-0.125258
-0.117428
-0.106184
-0.091327
-0.075868
-0.062015
-0.050972
-0.041134
-0.032702
-0.025474
-0.017644
-0.007003
0.005646
0.019097
0.032550
0.047206
0.063268
0.078928
0.094990
0.111252
0.128519
0.143176
0.154418
0.160040
0.160642
0.154820
0.145384
0.134542
0.125307
0.117677
0.112256
0.110851
0.113260
0.119484
0.127715
0.138357
0.151005
0.162249
0.170882
0.175098
0.177106
0.176504
0.175499
0.175499
0.179515
0.185739
0.193368
0.201199
0.209832
0.219068
0.226094
0.233523
0.241554
0.251994
0.259824
0.264041
0.264844
0.261431
0.253399
0.240952
0.227701
0.215052
0.203407
0.193970
0.186944
0.183731
0.183932
0.188149
0.194975
0.202805
0.210033
0.214449
0.216457
0.215253
0.211639
0.206419
0.203608
0.203207
0.206419
0.209431
0.214851
0.220874
0.228102
0.233925
0.240349
0.247577
0.256010
0.261431
0.261230
0.256010
0.245168
0.230712
0.213245
0.196581
0.182527
0.171484
0.165060
0.163654
0.168071
0.175499
0.186141
0.199391
0.215655
0.232920
0.250388
0.267454
0.285523
0.306604
0.336319
0.374465
0.414018
0.444535
0.464010
0.474250
0.474451
0.462002
0.439917
0.418033
0.402373
0.392735
0.384906
0.375269
0.361415
0.340936
0.314033
0.282712
0.248782
0.212643
0.174897
0.138758
0.104627
0.071901
0.037770
0.001631
-0.037118
-0.081289
-0.133891
-0.196331
-0.267807
-0.346710
-0.430433
-0.509537
-0.575993
-0.626186
-0.663931
-0.686217
-0.689028
-0.671360
-0.640441
-0.600487
-0.549290
-0.486448
-0.418788
-0.353938
-0.297120
-0.248131
-0.208578
-0.176857
-0.151157
-0.129073
-0.109999
-0.093335
-0.078277
-0.063420
-0.049366
-0.036316
-0.024671
-0.013628
-0.005597
-0.001783
-0.004593
-0.013026
-0.027482
-0.045350
-0.064825
-0.082894
-0.100964
-0.118030
-0.133088
-0.143529
-0.150355
-0.156980
-0.161598
-0.164007
-0.161397
-0.159590
-0.160393
-0.164409
-0.170231
-0.176857
-0.184285
-0.189706
-0.190910
-0.187899
-0.181073
-0.170834
-0.158386
-0.143529
-0.126262
-0.104980
-0.079883
-0.053984
-0.028084
-0.004995
0.014279
0.025724
0.029137
0.026326
0.018094
0.006047
-0.009011
-0.021258
-0.027281
-0.024671
-0.016238
-0.002787
0.011268
0.022109
0.023113
0.013878
-0.000377
-0.013427
-0.021057
-0.023466
-0.017443
-0.001180
0.021708
0.041384
0.050017
0.048611
0.044596
0.039978
0.037971
0.038774
0.046805
0.058650
0.067886
0.069692
0.063468
0.050619
0.031947
0.010263
-0.008408
-0.017242
-0.014231
-0.002385
0.011669
0.022712
0.025724
0.018897
0.001229
-0.023266
-0.050370
-0.070848
-0.079682
-0.074864
-0.063621
-0.050972
-0.042339
-0.038725
-0.043342
-0.055589
-0.070447
-0.079682
-0.077474
-0.063219
-0.043543
-0.024671
-0.013427
-0.012424
-0.023868
-0.045953
-0.073659
-0.098355
-0.117227
-0.130879
-0.143729
-0.156980
-0.170633
-0.187497
-0.208177
-0.232470
-0.255359
-0.274633
-0.289089
-0.300733
-0.310571
-0.322818
-0.338278
-0.358957
-0.383050
-0.410756
-0.439668
-0.463761
-0.476610
-0.473398
-0.455730
-0.427020
-0.392687
-0.359359
-0.333660
-0.320409
-0.317196
-0.317598
-0.315189
-0.306957
-0.291498
-0.270618
-0.248532
-0.232872
-0.228455
-0.234077
-0.243915
-0.252548
-0.257366
-0.261382
-0.263389
-0.265197
-0.267807
-0.274833
-0.286077
-0.297521
-0.305552
-0.310370
-0.312378
-0.312579
-0.310571
-0.309969
-0.311775
-0.317397
-0.322015
-0.323822
-0.322216
-0.319606
-0.314988
-0.303946
-0.286478
-0.266401
-0.247930
-0.229860
-0.210787
-0.192918
-0.180872
-0.174849
-0.170432
-0.161196
-0.147544
-0.131482
-0.116625
-0.103373
-0.095142
-0.095544
-0.105181
-0.118632
-0.129675
-0.133289
-0.130076
-0.121042
-0.111405
-0.105582
-0.107992
-0.120038
-0.138710
-0.157181
-0.167621
-0.167018
-0.156378
-0.139312
-0.118231
-0.099158
-0.086910
-0.085705
-0.092331
-0.102771
-0.111405
-0.115018
-0.111806
-0.101567
-0.086108
-0.068439
-0.055589
-0.051374
-0.057597
-0.069845
-0.084702
-0.096748
-0.101366
-0.094941
-0.076871
-0.052176
-0.028284
-0.015636
-0.016439
-0.031095
-0.053783
-0.081088
-0.105181
-0.117829
-0.117227
-0.107389
-0.096748
-0.091126
-0.091327
-0.098555
-0.109397
-0.119235
-0.121844
-0.115018
-0.101567
-0.084902
-0.067435
-0.053181
-0.045953
-0.046755
-0.052578
-0.059003
-0.064624
-0.068841
-0.070045
-0.065026
-0.054787
-0.044146
-0.038725
-0.039929
-0.047158
-0.058400
-0.070848
-0.079281
-0.079481
-0.071050
-0.058200
-0.046555
-0.041536
-0.044547
-0.055992
-0.070647
-0.082493
-0.084702
-0.075868
-0.059806
-0.040934
-0.023667
-0.009011
0.000225
0.006850
0.010666
0.015885
0.021105
0.027931
0.034758
0.039576
0.041986
0.039978
0.034758
0.024920
0.009862
-0.011018
-0.037721
-0.067034
-0.095544
-0.121242
-0.146138
-0.172841
-0.205567
-0.248131
-0.306355
-0.380641
-0.465970
-0.543668
-0.600085
-0.626387
-0.633815
-0.628395
-0.610325
-0.576193
-0.534432
-0.495684
-0.459343
-0.405336
-0.325830
-0.230664
-0.143328
-0.075266
-0.021659
0.020905
0.053229
0.072503
0.086758
0.118882
0.181924
0.266249
0.332705
0.360612
0.353786
0.332906
0.307809
0.284921
0.266450
0.253600
0.241353
0.226897
0.209230
0.188349
0.164859
0.138959
0.112657
0.087762
0.066480
0.049213
0.034558
0.021306
0.009059
0.000024
-0.006802
-0.012223
-0.017042
-0.020254
-0.020254
-0.018848
-0.015636
-0.011821
-0.007003
-0.001381
0.002835
0.003237
-0.000979
-0.007003
-0.011219
-0.015435
-0.019450
-0.024068
-0.027281
-0.030493
-0.036717
-0.046755
-0.061613
-0.078277
-0.095744
-0.111806
-0.124856
-0.133489
-0.139513
-0.142725
-0.144733
-0.144733
-0.146540
-0.150756
-0.156779
-0.160995
-0.162802
-0.161196
-0.155976
-0.146942
-0.136702
-0.129876
-0.125258
-0.126262
-0.131884
-0.144532
-0.158386
-0.170432
-0.179467
-0.185490
-0.190509
-0.194726
-0.200949
-0.210386
-0.224439
-0.242308
-0.260981
-0.277644
-0.289289
-0.296115
-0.299328
-0.300733
-0.303946
-0.309166
-0.318000
-0.328641
-0.340486
-0.349722
-0.352934
-0.349521
-0.340687
-0.328239
-0.314988
-0.303745
-0.298324
-0.298725
-0.306355
-0.317799
-0.332054
-0.344100
-0.353536
-0.358556
-0.362170
-0.367591
-0.377428
-0.393290
-0.414170
-0.439066
-0.464363
-0.485243
-0.498696
-0.505923
-0.509537
-0.513552
-0.519777
-0.531019
-0.547282
-0.566757
-0.583622
-0.592657
-0.589646
-0.579807
-0.566958
-0.556117
-0.546680
-0.543066
-0.546479
-0.553707
-0.559128
-0.562541
-0.565151
-0.568966
-0.572178
-0.579205
-0.591251
-0.609722
-0.631004
-0.651885
-0.667143
-0.669553
-0.658711
-0.640642
-0.627390
-0.624579
-0.636626
-0.666742
-0.715731
-0.774758
-0.828966
-0.865105
-0.883576
-0.887592
-0.887592
-0.887191
-0.900040
-0.928951
-0.973121
-1.017291
-1.052225
-1.066681
-1.059855
-1.029739
-0.988781
-0.948226
-0.922928
-0.918110
-0.932163
-0.954249
-0.971113
-0.972720
-0.957863
-0.930557
-0.900442
-0.873538
-0.858681
-0.859082
-0.873939
-0.895221
-0.910480
-0.912889
-0.900040
-0.877152
-0.847437
-0.816117
-0.792426
-0.787205
-0.802063
-0.830573
-0.861893
-0.890805
-0.910079
-0.917307
-0.912889
-0.904858
-0.902851
-0.912889
-0.935376
-0.965090
-0.995206
-1.016890
-1.027731
-1.025322
-1.013678
-0.997615
-0.986774
-0.987978
-1.004040
-1.030542
-1.061863
-1.087963
-1.103623
-1.104427
-1.090373
-1.066280
-1.040983
-1.025724
-1.028534
-1.051021
-1.088365
-1.126110
-1.150604
-1.151407
-1.128921
-1.090373
-1.048612
-1.021307
-1.021708
-1.055438
-1.113261
-1.179917
-1.238543
-1.275887
-1.287531
-1.271871
-1.240551
-1.206821
-1.185941
-1.182327
-1.192767
-1.213246
-1.236535
-1.256612
-1.263841
-1.257415
-1.241354
-1.224891
-1.217662
-1.224087
-1.248180
-1.285122
-1.329693
-1.371856
-1.406389
-1.427671
-1.434898
-1.428875
-1.420845
-1.416829
-1.422852
-1.435300
-1.452968
-1.467022
-1.469432
-1.455779
-1.432490
-1.407192
-1.389925
-1.383902
-1.393540
-1.415223
-1.442930
-1.468629
-1.487100
-1.494327
-1.493123
-1.485092
-1.481478
-1.481879
-1.485895
-1.489911
-1.496737
-1.510389
-1.524443
-1.533679
-1.536088
-1.539300
-1.548134
-1.560181
-1.573431
-1.585478
-1.599131
-1.610776
-1.618003
-1.620413
-1.620413
-1.620413
-1.624428
-1.635270
-1.653339
-1.669401
-1.675023
-1.667795
-1.653339
-1.634467
-1.612381
-1.587887
-1.575038
-1.577448
-1.596721
-1.620814
-1.650127
-1.681849
-1.712367
-1.732042
-1.737262
-1.728027
-1.710760
-1.690683
-1.673417
-1.662976
-1.663378
-1.673417
-1.688676
-1.696305
-1.694297
-1.680645
-1.662174
-1.642497
-1.625633
-1.618003
-1.619610
-1.626436
-1.630852
-1.626837
-1.613185
-1.585478
-1.542513
-1.490312
-1.443331
-1.415624
-1.411208
-1.423254
-1.445339
-1.469833
-1.488706
-1.491918
-1.475856
-1.447748
-1.422049
-1.412412
-1.419238
-1.439316
-1.463810
-1.485092
-1.496335
-1.492721
-1.479872
-1.460598
-1.442930
-1.431686
-1.427671
-1.427671
-1.424860
-1.415223
-1.398759
-1.375069
-1.346559
-1.312427
-1.273879
-1.224891
-1.167470
-1.111654
-1.077925
-1.069492
-1.077122
-1.094789
-1.125307
-1.171886
-1.220875
-1.257415
-1.285524
-1.316443
-1.356597
-1.391130
-1.410404
-1.413215
-1.405185
-1.390729
-1.373864
-1.367439
-1.378682
-1.410404
-1.454173
-1.500350
-1.538498
-1.558574
-1.559779
-1.545725
-1.525648
-1.509586
-1.504768
-1.514806
-1.532876
-1.550544
-1.563393
-1.569416
-1.569015
-1.560582
-1.548536
-1.542513
-1.546528
-1.560181
-1.577046
-1.592305
-1.598328
-1.593910
-1.580660
-1.563393
-1.542111
-1.520829
-1.509184
-1.510389
-1.521231
-1.528057
-1.521632
-1.497941
-1.454574
-1.401570
-1.344551
-1.297169
-1.261030
-1.242559
-1.241354
-1.250991
-1.262635
-1.270265
-1.276690
-1.280705
-1.280304
-1.280304
-1.280705
-1.287933
-1.298373
-1.318049
-1.343346
-1.369447
-1.394343
-1.416427
-1.436103
-1.447347
-1.451764
-1.456180
-1.467825
-1.487501
-1.510791
-1.533679
-1.553756
-1.563795
-1.560984
-1.545725
-1.527655
-1.511995
-1.505169
-1.509987
-1.527655
-1.551748
-1.570219
-1.573030
-1.558574
-1.532073
-1.505169
-1.483084
-1.473447
-1.476659
-1.492721
-1.516011
-1.536489
-1.545725
-1.536891
-1.515609
-1.488706
-1.466621
-1.450559
-1.443331
-1.444536
-1.452566
-1.460196
-1.462203
-1.455377
-1.442930
-1.427671
-1.414420
-1.406790
-1.404381
-1.408397
-1.412412
-1.415624
-1.411609
-1.402374
-1.386713
-1.367840
-1.349369
-1.336922
-1.333308
-1.336922
-1.338126
-1.336520
-1.328489
-1.316041
-1.293554
-1.262635
-1.230512
-1.208828
-1.199593
-1.202404
-1.211238
-1.223284
-1.231717
-1.228504
-1.212443
-1.186743
-1.161044
-1.144983
-1.138157
-1.132936
-1.117276
-1.083948
-1.031747
-0.961878
-0.880364
-0.798047
-0.728179
-0.682000
-0.658310
-0.655499
-0.667545
-0.689630
-0.710912
-0.721352
-0.717337
-0.699267
-0.670356
-0.637831
-0.613337
-0.608518
-0.626186
-0.656703
-0.684811
-0.696858
-0.683206
-0.644256
-0.584827
-0.521383
-0.469583
-0.445491
-0.449104
-0.478417
-0.517769
-0.556317
-0.579205
-0.582819
-0.571977
-0.552301
-0.536240
-0.528610
-0.538649
-0.563143
-0.593661
-0.617352
-0.623375
-0.610927
-0.581614
-0.542664
-0.506124
-0.485645
-0.488054
-0.506124
-0.530217
-0.551498
-0.563545
-0.556317
-0.526201
-0.484441
-0.447096
-0.426216
-0.423807
-0.435854
-0.457135
-0.474804
-0.476409
-0.454325
-0.410556
-0.356347
-0.306154
-0.274432
-0.270015
-0.292100
-0.329444
-0.367992
-0.395699
-0.404131
-0.394494
-0.371204
-0.346309
-0.328641
-0.328239
-0.351128
-0.394896
-0.445892
-0.477212
-0.451514
-0.370000
-0.257969
-0.179668
-0.143529
-0.148748
-0.169628
-0.200548
-0.232270
-0.255560
-0.263590
-0.251946
-0.217814
-0.167621
-0.112609
-0.064825
-0.026679
0.005445
0.035963
0.069291
0.111453
0.166465
0.230311
0.293755
0.347562
0.388921
0.413014
0.419037
0.408196
0.392937
0.381693
0.378481
0.380087
0.387315
0.400566
0.417030
0.430682
0.437508
0.435501
0.427470
0.419438
0.415423
0.415423
0.411809
0.407793
0.403778
0.400967
0.394944
0.384504
0.374867
0.368844
0.368442
0.374867
0.387717
0.404983
0.422651
0.437909
0.451161
0.459192
0.463207
0.463609
0.463609
0.466821
0.474048
0.484489
0.493323
0.501354
0.506975
0.510991
0.510590
0.506574
0.499346
0.492520
0.488504
0.487300
0.482481
0.472844
0.459593
0.447547
0.435501
0.422249
0.407392
0.396952
0.395747
0.401770
0.412612
0.423454
0.437106
0.450358
0.461199
0.469230
0.473246
0.475655
0.477262
0.481277
0.485292
0.487701
0.485693
0.481678
0.476458
0.470435
0.469230
0.475254
0.492520
0.514203
0.536288
0.554358
0.564798
0.561988
0.544721
0.519022
0.492922
0.474852
0.465617
0.466419
0.473647
0.481678
0.489308
0.490914
0.488103
0.480072
0.471238
0.468829
0.475655
0.492922
0.515006
0.534682
0.549540
0.556767
0.558775
0.552350
0.540706
0.529864
0.528659
0.538698
0.555563
0.572427
0.586080
0.590095
0.585679
0.575640
0.563995
0.555563
0.556767
0.575640
0.607362
0.636273
0.652335
0.653540
0.644304
0.624628
0.596922
0.570018
0.555563
0.558373
0.576443
0.604150
0.635872
0.664783
0.683254
0.688474
0.684458
0.673617
0.663980
0.656752
0.660366
0.672813
0.689277
0.700521
0.700521
0.688876
0.669200
0.647115
0.628243
0.615795
0.612582
0.612180
0.603346
0.577648
0.534280
0.477262
0.400566
0.304195
0.192565
0.083345
-0.012223
-0.090926
-0.155173
-0.201752
-0.225444
-0.227451
-0.214602
-0.186494
-0.136702
-0.059204
0.037971
0.143176
0.244766
0.334712
0.404180
0.448751
0.471238
0.481678
0.486497
0.494126
0.506574
0.526250
0.548736
0.570419
0.586080
0.592906
0.588891
0.575640
0.557169
0.537895
0.523038
0.514605
0.514203
0.519022
0.527053
0.531470
0.529864
0.520227
0.504968
0.485292
0.463609
0.443531
0.427871
0.419037
0.416226
0.420242
0.425863
0.433091
0.440720
0.447146
0.451161
0.455176
0.464412
0.476458
0.486898
0.489709
0.489709
0.487701
0.487300
0.483285
0.479269
0.475655
0.475655
0.479269
0.486898
0.495331
0.503763
0.508180
0.511794
0.511794
0.511794
0.508582
0.504567
0.501354
0.502960
0.502559
0.497740
0.488103
0.482481
0.482882
0.492520
0.512597
0.545122
0.585277
0.625030
0.655949
0.672011
0.667995
0.646714
0.616598
0.588087
0.566003
0.553555
0.551547
0.560782
0.575640
0.588489
0.591300
0.588489
0.584474
0.584474
0.589694
0.601740
0.622621
0.646312
0.666389
0.671609
0.662374
0.646312
0.638281
0.640690
0.653941
0.678435
0.716181
0.757540
0.790868
0.807332
0.812150
0.806930
0.793277
0.774405
0.759547
0.753123
0.755532
0.766776
0.787254
0.807332
0.809741
0.788860
0.748706
0.700521
0.652335
0.613385
0.594914
0.594512
0.605756
0.614590
0.613385
0.596119
0.563593
0.527053
0.495733
0.476056
0.468829
0.476458
0.492520
0.506172
0.508983
0.496134
0.471640
0.440319
0.411809
0.396149
0.393338
0.411007
0.442327
0.480072
0.505369
0.509786
0.491717
0.455577
0.405786
0.363222
0.346759
0.369647
0.416627
0.469230
0.508582
0.525447
0.508180
0.455979
0.378883
0.303794
0.247978
0.220673
0.216257
0.223886
0.225492
0.209028
0.172889
0.127113
0.080936
0.043190
0.020704
0.018696
0.035963
0.064472
0.091778
0.105029
0.095793
0.068488
0.031546
-0.001783
-0.028686
-0.043945
-0.045551
-0.033906
-0.013427
0.004642
0.013476
0.010666
0.002634
-0.003790
-0.005798
-0.000176
0.013476
0.037167
0.063669
0.084550
0.089770
0.079329
0.058851
0.036364
0.016689
0.002634
-0.002987
-0.000979
0.003036
0.004240
-0.004192
-0.019049
-0.036717
-0.047158
-0.046354
-0.033906
-0.011420
0.017492
0.048009
0.075314
0.092581
0.101013
0.101816
0.101816
0.103824
0.111855
0.130326
0.158836
0.191361
0.217060
0.230712
0.230712
0.221477
0.205415
0.191361
0.191361
0.219068
0.271268
0.331901
0.382898
0.413014
0.420242
0.397755
0.353987
0.302991
0.267253
0.258018
0.272473
0.307809
0.351176
0.392535
0.413817
0.411408
0.390528
0.364427
0.344349
0.336319
0.350372
0.388921
0.444335
0.494929
0.522636
0.521030
0.488504
0.431485
0.355593
0.278496
0.209832
0.162449
0.136349
0.127515
0.129924
0.137152
0.145183
0.148395
0.143577
0.132735
0.118681
0.104627
0.095392
0.092179
0.096997
0.106233
0.116673
0.124302
0.131129
0.135144
0.134743
0.134743
0.135546
0.143176
0.152010
0.165260
0.182527
0.200998
0.219068
0.229909
0.236736
0.235531
0.229909
0.217461
0.205415
0.194975
0.189353
0.186542
0.184936
0.177307
0.159237
0.128720
0.088163
0.040781
-0.010616
-0.062818
-0.114215
-0.165212
-0.220625
-0.286077
-0.361969
-0.445491
-0.531019
-0.613337
-0.685615
-0.738619
-0.766325
-0.765522
-0.737013
-0.684008
-0.612132
-0.529012
-0.443483
-0.361567
-0.288888
-0.227049
-0.174849
-0.126663
-0.077675
-0.027482
0.023113
0.070094
0.110650
0.140365
0.159237
0.169276
0.173292
0.174496
0.177307
0.186141
0.199391
0.212643
0.219870
0.221075
0.215454
0.203407
0.186141
0.166866
0.150403
0.137152
0.129924
0.126310
0.126310
0.126310
0.126310
0.126310
0.124704
0.119083
0.108241
0.097801
0.091376
0.092982
0.101013
0.117075
0.135947
0.152010
0.159237
0.156426
0.148395
0.137152
0.130326
0.129121
0.136349
0.146388
0.155623
0.160442
0.158836
0.149600
0.133940
0.115067
0.096596
0.080133
0.066881
0.058449
0.054434
0.054032
0.054032
0.051221
0.045600
0.034356
0.019500
0.001430
-0.015435
-0.024671
-0.023868
-0.013829
0.000626
0.014681
0.022712
0.020303
0.007051
-0.010215
-0.027080
-0.037118
-0.040732
-0.036717
-0.028686
-0.021860
-0.018246
-0.023065
-0.033103
-0.051173
-0.076470
-0.162802
-0.321413
-0.542664
-0.711313
-0.799653
-0.815716
-0.825352
-0.840210
-0.856673
-0.867113
-0.869924
-0.863098
-0.847839
-0.828163
-0.808890
-0.792426
-0.779576
-0.770742
-0.761908
-0.749862
-0.730588
-0.704889
-0.675174
-0.641043
-0.605707
-0.569568
-0.539452
-0.516564
-0.504517
-0.495684
-0.491668
-0.488054
-0.492069
-0.501707
-0.513754
-0.522185
-0.530618
-0.547885
-0.577599
-0.610526
-0.639838
-0.665939
-0.692441
-0.717337
-0.733398
-0.743839
-0.755082
-0.775963
-0.806480
-0.842619
-0.878758
-0.910079
-0.931762
-0.942202
-0.940997
-0.936982
-0.933770
-0.936179
-0.944612
-0.961476
-0.982357
-0.992395
-0.980751
-0.946619
-0.906465
-0.873939
-0.857476
-0.860689
-0.890805
-0.947423
-1.018094
-1.082743
-1.128520
-1.152612
-1.158635
-1.155825
-1.156628
-1.171083
-1.200798
-1.242157
-1.289539
-1.333709
-1.357802
-1.348968
-1.308411
-1.253801
-1.203207
-1.167067
-1.143778
-1.134944
-1.133338
-1.129323
-1.106033
-1.058249
-0.988380
-0.902851
-0.806881
-0.716935
-0.654695
-0.635020
-0.652287
-0.689630
-0.737013
-0.787607
-0.827762
-0.843823
-0.837800
-0.834187
-0.855468
-0.906063
-0.972720
-1.040581
-1.095994
-1.131732
-1.142975
-1.138558
-1.131330
-1.138157
-1.163052
-1.204412
-1.249786
-1.293153
-1.323269
-1.333308
-1.319655
-1.290744
-1.258620
-1.232118
-1.218466
-1.221276
-1.240551
-1.267053
-1.293554
-1.306404
-1.301585
-1.277493
-1.247778
-1.220473
-1.205215
-1.208427
-1.229307
-1.264643
-1.295161
-1.303995
-1.274280
-1.208427
-1.124102
-1.036565
-0.954650
-0.884781
-0.838202
-0.813306
-0.797245
-0.770742
-0.728982
-0.675977
-0.614140
-0.551498
-0.490464
-0.436657
-0.389274
-0.349120
-0.322617
-0.301737
-0.297722
-0.302540
-0.325027
-0.349120
-0.374818
-0.400517
-0.429429
-0.461552
-0.500101
-0.551498
-0.622974
-0.712116
-0.810094
-0.908874
-1.009260
-1.110450
-1.208427
-1.297570
-1.378682
-1.450961
-1.510389
-1.545725
-1.556968
-1.540907
-1.507980
-1.467825
-1.436505
-1.418034
-1.406790
-1.403578
-1.393941
-1.369045
-1.316844
-1.242960
-1.158635
-1.077523
-1.013276
-0.966697
-0.918511
-0.852658
-0.765924
-0.679190
-0.602093
-0.538649
-0.488857
-0.476811
-0.515359
-0.584425
-0.642248
-0.677584
-0.698464
-0.719345
-0.719345
-0.698464
-0.668750
-0.661522
-0.688827
-0.756287
-0.855067
-0.972318
-1.079933
-1.159438
-1.200396
-1.204412
-1.180319
-1.144983
-1.117678
-1.114465
-1.147392
-1.214851
-1.297570
-1.374666
-1.440520
-1.503964
-1.565000
-1.616397
-1.657355
-1.694297
-1.732042
-1.764969
-1.793077
-1.811548
-1.822791
-1.830020
-1.841262
-1.862947
-1.890252
-1.919162
-1.938437
-1.954499
-1.962530
-1.976985
-1.985016
-1.994653
-2.003487
-2.019549
-2.039626
