-1.923323
-1.957550
-1.980919
-1.994798
-2.002021
-2.006789
-2.009668
-2.010751
-2.010689
-2.009023
-2.004849
-1.998659
-1.992497
-1.988488
-1.986617
-1.984581
-1.981127
-1.976845
-1.973371
-1.970855
-1.968857
-1.967741
-1.968084
-1.969229
-1.968410
-1.963105
-1.950818
-1.932453
-1.909609
-1.886306
-1.865658
-1.851273
-1.847625
-1.856368
-1.874919
-1.894173
-1.902852
-1.889292
-1.844394
-1.763162
-1.646095
-1.501559
-1.341419
-1.179593
-1.022846
-0.873918
-0.733426
-0.602148
-0.480457
-0.367527
-0.264124
-0.172098
-0.089552
-0.015210
0.055042
0.121308
0.186366
0.247334
0.302724
0.350910
0.393112
0.427611
0.453011
0.468895
0.476286
0.472787
0.455265
0.424764
0.383143
0.331668
0.269632
0.197614
0.117845
0.029409
-0.069543
-0.181253
-0.305652
-0.439649
-0.580873
-0.727953
-0.879031
-1.029039
-1.168985
-1.293105
-1.397866
-1.479970
-1.535674
-1.563352
-1.568790
-1.557868
-1.537511
-1.512645
-1.489754
-1.473672
-1.465306
-1.463749
-1.466538
-1.471906
-1.478297
-1.483107
-1.484967
-1.482504
-1.478135
-1.475044
-1.474649
-1.475532
-1.475183
-1.471814
-1.464958
-1.453176
-1.437977
-1.421455
-1.406674
-1.393568
-1.379205
-1.359847
-1.332216
-1.295150
-1.248974
-1.196779
-1.144072
-1.097059
-1.059482
-1.033245
-1.018163
-1.014003
-1.018093
-1.026273
-1.034616
-1.039357
-1.039125
-1.032107
-1.019627
-1.006148
-0.998363
-1.000873
-1.012121
-1.026645
-1.036313
-1.034662
-1.015095
-0.976705
-0.925323
-0.876242
-0.845171
-0.837921
-0.850307
-0.873732
-0.901293
-0.923789
-0.930854
-0.917840
-0.891115
-0.862531
-0.839896
-0.825069
-0.816238
-0.811358
-0.808058
-0.802620
-0.792674
-0.778080
-0.761255
-0.746381
-0.735785
-0.730858
-0.731277
-0.735227
-0.741501
-0.747915
-0.751727
-0.750426
-0.740758
-0.725048
-0.706039
-0.689027
-0.675828
-0.667229
-0.662628
-0.658585
-0.647941
-0.625260
-0.590726
-0.553544
-0.521102
-0.499025
-0.489543
-0.493912
-0.508971
-0.526447
-0.537834
-0.541088
-0.538578
-0.536905
-0.540437
-0.551638
-0.572088
-0.600672
-0.636415
-0.674573
-0.710501
-0.741641
-0.766042
-0.785934
-0.804991
-0.829206
-0.861555
-0.898133
-0.934293
-0.962459
-0.977099
-0.970593
-0.941126
-0.892416
-0.833621
-0.772549
-0.715706
-0.664255
-0.618985
-0.576968
-0.534488
-0.487498
-0.434513
-0.379390
-0.328403
-0.285783
-0.254224
-0.233681
-0.223921
-0.222247
-0.223177
-0.222666
-0.218436
-0.212301
-0.207792
-0.207606
-0.212719
-0.222201
-0.233727
-0.246462
-0.257850
-0.267796
-0.274860
-0.280020
-0.283598
-0.286061
-0.287456
-0.287549
-0.285643
-0.281367
-0.273606
-0.263334
-0.249994
-0.233495
-0.213184
-0.189573
-0.164893
-0.141515
-0.120832
-0.104239
-0.090481
-0.078862
-0.067522
-0.055530
-0.042795
-0.029735
-0.019184
-0.014815
-0.017697
-0.026202
-0.036659
-0.046699
-0.054833
-0.059388
-0.060828
-0.060503
-0.060503
-0.061758
-0.063013
-0.063849
-0.062176
-0.057807
-0.049813
-0.039262
-0.027922
-0.016628
-0.005659
0.005589
0.017023
0.027991
0.038124
0.046815
0.053368
0.058992
0.063872
0.068846
0.073075
0.076421
0.079118
0.080186
0.079210
0.076607
0.072936
0.069868
0.067777
0.067870
0.068335
0.067637
0.063826
0.058481
0.052439
0.048488
0.046490
0.048582
0.054019
0.063686
0.075027
0.085903
0.095199
0.103751
0.113139
0.123272
0.133497
0.144001
0.154133
0.162871
0.169843
0.174397
0.177837
0.179882
0.180626
0.180626
0.178860
0.175048
0.169192
0.162035
0.155713
0.149486
0.144559
0.139632
0.134798
0.128384
0.121134
0.113883
0.109421
0.108585
0.111745
0.116579
0.122807
0.128663
0.133311
0.136657
0.140097
0.146139
0.155435
0.166868
0.179882
0.191874
0.202378
0.210186
0.215763
0.219853
0.222549
0.224130
0.224687
0.223665
0.220318
0.213997
0.204795
0.194197
0.181556
0.167612
0.151066
0.132474
0.111002
0.087112
0.060712
0.031896
0.000291
-0.034289
-0.072866
-0.115254
-0.161547
-0.209884
-0.257292
-0.297821
-0.326265
-0.341046
-0.345786
-0.341975
-0.330169
-0.310648
-0.286852
-0.259988
-0.227639
-0.187668
-0.141840
-0.094339
-0.049070
-0.007889
0.028456
0.060340
0.088041
0.112210
0.134055
0.154505
0.173375
0.189178
0.201262
0.210650
0.217715
0.223665
0.228219
0.231845
0.234262
0.235377
0.235842
0.235563
0.234633
0.232960
0.230171
0.226081
0.220411
0.212138
0.202192
0.190944
0.180719
0.172353
0.166775
0.164173
0.162592
0.160733
0.157944
0.155435
0.154226
0.154226
0.155807
0.159339
0.165009
0.171144
0.175327
0.177093
0.177279
0.177465
0.178580
0.180533
0.183693
0.187597
0.191223
0.194477
0.196893
0.199868
0.202563
0.204423
0.205166
0.203772
0.199682
0.192524
0.183136
0.173096
0.163150
0.154040
0.146325
0.139725
0.133776
0.128663
0.124852
0.124201
0.125782
0.129128
0.132567
0.135635
0.135914
0.132660
0.125968
0.118531
0.111466
0.106074
0.102356
0.101334
0.101334
0.102821
0.104773
0.107841
0.111745
0.116393
0.121134
0.125317
0.126990
0.125595
0.120762
0.113325
0.104680
0.095756
0.087855
0.082557
0.079024
0.078002
0.078932
0.082185
0.086554
0.090365
0.092689
0.094176
0.093990
0.090923
0.084881
0.077909
0.072703
0.068892
0.065825
0.063872
0.062478
0.060991
0.058295
0.056065
0.055600
0.057737
0.062385
0.068520
0.075306
0.079118
0.078653
0.072610
0.062664
0.050580
0.038496
0.028921
0.023344
0.021949
0.023344
0.026690
0.030594
0.033568
0.033104
0.029665
0.023995
0.016372
0.005310
-0.008820
-0.023600
-0.038287
-0.053253
-0.069706
-0.086531
-0.103449
-0.121017
-0.138215
-0.152158
-0.159966
-0.161640
-0.160059
-0.157550
-0.156248
-0.158386
-0.165172
-0.175211
-0.184786
-0.189713
-0.188783
-0.180882
-0.167682
-0.151135
-0.134031
-0.116834
-0.099173
-0.080768
-0.062548
-0.043957
-0.025180
-0.007983
0.005031
0.013862
0.020090
0.023158
0.022507
0.018231
0.013769
0.010701
0.009958
0.012653
0.019161
0.028363
0.038310
0.047140
0.054298
0.057459
0.055228
0.049371
0.043143
0.039518
0.039053
0.039797
0.041935
0.043794
0.045002
0.044723
0.044166
0.045282
0.048256
0.053276
0.060898
0.070101
0.077351
0.079489
0.076980
0.072610
0.067312
0.061920
0.045746
-0.033918
-0.186459
-0.391056
-0.540251
-0.619357
-0.639901
-0.657376
-0.678663
-0.702553
-0.726350
-0.747265
-0.763811
-0.776174
-0.786120
-0.795045
-0.803317
-0.811498
-0.819306
-0.825441
-0.826650
-0.819957
-0.805084
-0.783239
-0.756746
-0.728580
-0.701623
-0.678849
-0.660537
-0.645850
-0.632836
-0.619450
-0.604670
-0.587752
-0.569253
-0.550755
-0.534766
-0.523426
-0.516826
-0.513759
-0.513665
-0.515431
-0.518592
-0.520359
-0.519336
-0.516547
-0.515617
-0.521474
-0.534209
-0.552149
-0.573808
-0.598163
-0.623261
-0.643897
-0.657283
-0.664906
-0.668438
-0.670111
-0.667880
-0.662674
-0.654494
-0.644269
-0.631813
-0.617498
-0.603183
-0.590168
-0.577713
-0.564513
-0.550755
-0.538485
-0.528074
-0.518220
-0.508367
-0.500559
-0.496841
-0.496469
-0.497212
-0.497770
-0.500373
-0.506694
-0.517662
-0.531048
-0.545921
-0.562467
-0.581431
-0.602439
-0.623447
-0.643154
-0.660629
-0.675689
-0.688330
-0.700229
-0.712127
-0.723654
-0.732763
-0.738899
-0.741688
-0.739457
-0.729789
-0.710826
-0.684426
-0.654122
-0.624004
-0.594073
-0.562096
-0.527516
-0.492564
-0.462074
-0.435675
-0.412064
-0.388825
-0.368747
-0.354431
-0.345694
-0.338071
-0.329333
-0.320595
-0.315390
-0.313530
-0.312043
-0.310184
-0.309626
-0.312415
-0.317248
-0.322640
-0.328589
-0.335840
-0.343091
-0.349969
-0.357034
-0.365772
-0.373952
-0.378971
-0.378785
-0.376927
-0.373394
-0.368003
-0.357964
-0.345135
-0.332679
-0.322454
-0.312601
-0.300145
-0.285086
-0.270212
-0.258686
-0.249576
-0.240281
-0.229684
-0.220202
-0.213881
-0.208861
-0.202169
-0.195662
-0.192316
-0.193431
-0.195290
-0.196777
-0.198636
-0.199937
-0.199008
-0.195104
-0.191386
-0.190084
-0.190270
-0.188411
-0.183949
-0.178372
-0.173538
-0.166287
-0.155133
-0.142677
-0.133939
-0.128547
-0.123528
-0.115719
-0.107353
-0.100475
-0.097128
-0.096012
-0.094339
-0.092480
-0.090807
-0.092294
-0.092294
-0.092109
-0.091364
-0.096012
-0.103821
-0.112559
-0.119810
-0.126130
-0.131336
-0.134311
-0.133939
-0.134311
-0.136169
-0.138215
-0.136169
-0.130592
-0.124643
-0.119065
-0.111257
-0.100289
-0.088762
-0.079652
-0.072402
-0.063663
-0.052137
-0.039309
-0.028712
-0.021833
-0.016814
-0.011236
-0.005659
-0.002126
-0.001197
0.000291
0.003823
0.005868
0.004380
-0.000825
-0.004729
-0.006588
-0.005287
-0.001383
0.006983
0.018510
0.031338
0.045096
0.060712
0.080047
0.100311
0.119646
0.138609
0.160361
0.184716
0.208513
0.228033
0.244580
0.258523
0.268377
0.268934
0.259081
0.241419
0.221341
0.201262
0.182113
0.164451
0.149578
0.138238
0.127826
0.114999
0.098453
0.080047
0.062014
0.043980
0.025202
0.006797
-0.010492
-0.027969
-0.048791
-0.072959
-0.098801
-0.125015
-0.151972
-0.178372
-0.195290
-0.200495
-0.196219
-0.196219
-0.203470
-0.214811
-0.227267
-0.241768
-0.259802
-0.273559
-0.274303
-0.259988
-0.234146
-0.203842
-0.171679
-0.138586
-0.104007
-0.069241
-0.037822
-0.010306
0.014792
0.039518
0.063501
0.085624
0.107004
0.127641
0.146232
0.160547
0.171144
0.180812
0.189922
0.197915
0.202935
0.207583
0.212789
0.217995
0.221155
0.220597
0.218738
0.218366
0.218738
0.218738
0.215763
0.212975
0.212975
0.215763
0.219481
0.223200
0.228405
0.236771
0.246253
0.255549
0.264286
0.273768
0.283807
0.293847
0.304072
0.315413
0.327869
0.339953
0.351293
0.362821
0.375834
0.389963
0.403535
0.415992
0.428447
0.441462
0.453917
0.464886
0.474368
0.484221
0.495190
0.507646
0.520474
0.533117
0.546316
0.560445
0.575319
0.590006
0.604879
0.621053
0.638901
0.657678
0.676455
0.695047
0.712708
0.728325
0.740967
0.751378
0.760302
0.768296
0.775360
0.782054
0.788932
0.796183
0.803434
0.809941
0.816076
0.822768
0.830019
0.837456
0.844892
0.852515
0.861252
0.871292
0.883004
0.896204
0.911077
0.928553
0.948818
0.971313
0.996040
1.022997
1.052929
1.084348
1.116325
1.148116
1.179721
1.209839
1.236982
1.261151
1.283832
1.305770
1.326220
1.344811
1.361730
1.377904
1.392591
1.405048
1.415087
1.421965
1.427171
1.428844
1.428100
1.422523
1.412112
1.396495
1.375487
1.350017
1.319713
1.284576
1.244604
1.199242
1.148860
1.094759
1.038055
0.981166
0.925392
0.874824
0.834110
0.809011
0.802132
0.815146
0.847866
0.899365
0.965364
1.040287
1.118927
1.197940
1.274351
1.346857
1.414529
1.476810
1.533885
1.585755
1.633162
1.676108
1.713663
1.745826
1.772783
1.794906
1.813126
1.827813
1.839897
1.849379
1.856258
1.861649
1.864995
1.866855
1.867226
1.867226
1.867226
1.865553
1.862951
1.857373
1.850494
1.841571
1.833576
1.826326
1.821120
1.817960
1.817030
1.818517
1.822050
1.828929
1.838410
1.850123
1.863694
1.878010
1.892882
1.907012
1.919840
1.931552
1.941592
1.951073
1.959625
1.967619
1.974870
1.980819
1.986396
1.991416
1.996808
2.001827
2.006661
2.010751
2.014470
2.016700
2.017816
2.016143
2.014283
2.012424
2.012239
2.012239
2.012796
2.015399
2.020233
2.027112
2.035106
2.044215
2.054626
2.065595
2.076750
2.087533
2.097015
2.105009
2.111702
2.116907
2.120997
2.124530
2.127319
2.130665
2.132710
2.134569
2.136056
2.137915
2.141262
2.143865
2.145724
2.146096
2.146096
2.144608
2.141634
2.137915
2.135313
2.132710
2.130851
2.130665
2.133454
2.137915
2.143493
2.150743
2.158924
2.168219
2.177887
2.188298
2.197965
2.206146
2.212838
2.217858
2.221576
2.224365
2.226968
2.228827
2.231616
2.233475
2.235334
2.235334
2.235334
2.235334
2.235334
2.235334
2.235334
2.234032
2.230872
2.225666
2.221205
2.216928
2.214697
2.213024
2.214512
2.218416
2.224923
2.233661
2.244257
2.256342
2.270100
2.284600
2.300403
2.315276
2.329220
2.341118
2.351343
2.359895
2.367518
2.374211
2.380160
2.383878
2.385737
2.386109
2.386109
2.385551
2.382391
2.376256
2.366960
2.354504
2.337214
2.313603
2.284600
2.251322
2.213210
2.170264
2.121927
2.068942
2.010194
1.945496
1.875778
1.802529
1.729279
1.661421
1.605833
1.568279
1.552104
1.559355
1.590031
1.640971
1.706784
1.780963
1.857745
1.933040
2.003686
2.069685
2.129735
2.184580
2.233846
2.277722
2.316950
2.350414
2.321969
2.198151
1.980819
1.784681
1.676480
1.655100
1.662537
1.664953
1.663838
1.660677
1.657145
1.651568
1.642644
1.627957
1.610481
1.592447
1.577388
1.563445
1.550989
1.540392
1.533141
1.529237
1.526262
1.522544
1.517153
1.512691
1.512691
1.516223
1.521243
1.524961
1.529237
1.534815
1.542251
1.549502
1.555637
1.559727
1.563817
1.567535
1.571068
1.572369
1.570881
1.568279
1.564375
1.561586
1.556380
1.548386
1.535372
1.520499
1.506370
1.494843
1.484246
1.474951
1.466956
1.462494
1.460263
1.457289
1.451897
1.444461
1.437768
1.433864
1.432191
1.431819
1.429960
1.428100
1.426613
1.426613
1.426613
1.424940
1.422151
1.418433
1.416388
1.413785
1.409509
1.401515
1.392963
1.384225
1.376603
1.366749
1.353736
1.336818
1.318970
1.302609
1.289038
1.276582
1.265799
1.257619
1.252227
1.248695
1.243489
1.236610
1.228616
1.221551
1.217276
1.214859
1.212628
1.209095
1.205563
1.202960
1.200915
1.197569
1.193107
1.187530
1.181580
1.175445
1.168938
1.159643
1.147930
1.134730
1.122088
1.109260
1.093643
1.073751
1.050140
1.025971
1.004220
0.984699
0.966665
0.950305
0.936919
0.926880
0.917770
0.907917
0.897319
0.887838
0.880959
0.878542
0.877241
0.876683
0.875010
0.875196
0.877055
0.879472
0.881145
0.881145
0.880587
0.880030
0.879100
0.876312
0.869247
0.859021
0.846751
0.834295
0.820166
0.801760
0.777592
0.748961
0.718286
0.687610
0.654889
0.619194
0.580710
0.540367
0.497607
0.449642
0.395541
0.335305
0.270236
0.202378
0.130801
0.054391
-0.027596
-0.109956
-0.183949
-0.242884
-0.281740
-0.299215
-0.294195
-0.268911
-0.229498
-0.182834
-0.135426
-0.090993
-0.050278
-0.013095
0.023530
0.058109
0.089342
0.114255
0.133961
0.149392
0.162407
0.171330
0.177093
0.180626
0.184902
0.189549
0.191966
0.190479
0.185088
0.176536
0.165753
0.151438
0.133404
0.111466
0.087112
0.063315
0.040633
0.019253
-0.003428
-0.028898
-0.056413
-0.085601
-0.115905
-0.147696
-0.179487
-0.208675
-0.233216
-0.252923
-0.270027
-0.287317
-0.306838
-0.327660
-0.349040
-0.368561
-0.385665
-0.398120
-0.405000
-0.405185
-0.401839
-0.398865
-0.400537
-0.407417
-0.417827
-0.428982
-0.439207
-0.448875
-0.455196
-0.455568
-0.451850
-0.448131
-0.450362
-0.460402
-0.478621
-0.502418
-0.528074
-0.552614
-0.572321
-0.584963
-0.590540
-0.592400
-0.594259
-0.601695
-0.616568
-0.638134
-0.661559
-0.680522
-0.694280
-0.697255
-0.694280
-0.685727
-0.678663
-0.679035
-0.689074
-0.711012
-0.740014
-0.772363
-0.804340
-0.832599
-0.855652
-0.872756
-0.884655
-0.893206
-0.901387
-0.910682
-0.921837
-0.932620
-0.940428
-0.941915
-0.937454
-0.931505
-0.927786
-0.927043
-0.931132
-0.941172
-0.958647
-0.979098
-0.997689
-1.009960
-1.017768
-1.022601
-1.029667
-1.036731
-1.047142
-1.059785
-1.075401
-1.093249
-1.112211
-1.130431
-1.144932
-1.156459
-1.168358
-1.184717
-1.205912
-1.230081
-1.256108
-1.282507
-1.308536
-1.330474
-1.344231
-1.348321
-1.344231
-1.336794
-1.330845
-1.324152
-1.315228
-1.301471
-1.284739
-1.262429
-1.230824
-1.190295
-1.150138
-1.121508
-1.108493
-1.108865
-1.121136
-1.144189
-1.172819
-1.196245
-1.210374
-1.215579
-1.217067
-1.218554
-1.224131
-1.236401
-1.255365
-1.279533
-1.305933
-1.331960
-1.355758
-1.376580
-1.395543
-1.411531
-1.428264
-1.447599
-1.473254
-1.503372
-1.533862
-1.561377
-1.581456
-1.592610
-1.589636
-1.569929
-1.535721
-1.499282
-1.474370
-1.466933
-1.472511
-1.485153
-1.499654
-1.510808
-1.509693
-1.490730
-1.462100
-1.439790
-1.437559
-1.453548
-1.479203
-1.506719
-1.530888
-1.545017
-1.544644
-1.532375
-1.518245
-1.510065
-1.511180
-1.520105
-1.533490
-1.547991
-1.552825
-1.546876
-1.528285
-1.508206
-1.489615
-1.476229
-1.468421
-1.468049
-1.474741
-1.485524
-1.496679
-1.499282
-1.491473
-1.472511
-1.453176
-1.433097
-1.412647
-1.384016
-1.355386
-1.328242
-1.310394
-1.292547
-1.274328
-1.255365
-1.243838
-1.240119
-1.241607
-1.245697
-1.252390
-1.261314
-1.268751
-1.276187
-1.279533
-1.276187
-1.259454
-1.234542
-1.208886
-1.190295
-1.173191
-1.153112
-1.129316
-1.110724
-1.101057
-1.096967
-1.095852
-1.099941
-1.115558
-1.141586
-1.172447
-1.199591
-1.222272
-1.240864
-1.253877
-1.258339
-1.252390
-1.241235
-1.228965
-1.218554
-1.207399
-1.195872
-1.187320
-1.180999
-1.171332
-1.154228
-1.134521
-1.118905
-1.109981
-1.103660
-1.101801
-1.104031
-1.110353
-1.115186
-1.111840
-1.104404
-1.096967
-1.094736
-1.098454
-1.107378
-1.123739
-1.147535
-1.176537
-1.204052
-1.225247
-1.240864
-1.254993
-1.268751
-1.278418
-1.283252
-1.286226
-1.292919
-1.300355
-1.305561
-1.308536
-1.309279
-1.304817
-1.287341
-1.260198
-1.229337
-1.199963
-1.170588
-1.140842
-1.112584
-1.088043
-1.061643
-1.026692
-0.978727
-0.925927
-0.877961
-0.843382
-0.819585
-0.805828
-0.804712
-0.816983
-0.834086
-0.844497
-0.841894
-0.831855
-0.820701
-0.810289
-0.799506
-0.789467
-0.786864
-0.789096
-0.791698
-0.787236
-0.779799
-0.771991
-0.764555
-0.757118
-0.751169
-0.748566
-0.747079
-0.737040
-0.715474
-0.683497
-0.650033
-0.617684
-0.587194
-0.555589
-0.520265
-0.471928
-0.403884
-0.310556
-0.196034
-0.069985
0.055692
0.164265
0.247926
0.299238
0.320804
0.315970
0.294776
0.269492
0.252388
0.248298
0.259825
0.283993
0.315970
0.344601
0.361333
0.362448
0.350922
0.334190
0.320060
0.317457
0.328984
0.354640
0.388476
0.421569
0.443506
0.446109
0.431236
0.407440
0.385502
0.372860
0.373603
0.388848
0.415247
0.444250
0.465816
0.471393
0.461726
0.442019
0.424544
0.414504
0.418966
0.440160
0.477715
0.524192
0.563978
0.584428
0.581825
0.560631
0.529770
0.495934
0.467303
0.456149
0.465072
0.488498
0.511551
0.521590
0.516385
0.497421
0.473252
0.451315
0.439045
0.442019
0.460982
0.488869
0.514897
0.528283
0.524936
0.508204
0.483664
0.460238
0.443506
0.439416
0.450571
0.475484
0.506345
0.530514
0.539438
0.530142
0.508576
0.483664
0.466932
0.469163
0.493703
0.534975
0.579223
0.612687
0.626073
0.613430
0.579594
0.536091
0.501511
0.485523
0.490356
0.508204
0.530514
0.546874
0.551336
0.538694
0.511551
0.479202
0.453174
0.450943
0.488869
0.568068
0.665858
0.740967
0.777034
0.773316
0.745429
0.706387
0.669577
0.648011
0.646523
0.666974
0.701925
0.740223
0.765879
0.771085
0.755840
0.727581
0.698579
0.679987
0.683334
0.708990
0.748775
0.788932
0.816076
0.821653
0.803806
0.768110
0.727209
0.693373
0.677756
0.682590
0.704528
0.733903
0.759930
0.772200
0.765507
0.742826
0.713823
0.689283
0.677013
0.680731
0.700066
0.729440
0.757327
0.772200
0.765879
0.741710
0.707131
0.675154
0.654703
0.653216
0.671435
0.704156
0.739107
0.762905
0.765507
0.748032
0.718657
0.690770
0.674038
0.674782
0.694117
0.727953
0.766623
0.795625
0.803806
0.787445
0.753609
0.714196
0.681475
0.663999
0.666230
0.685565
0.714196
0.739107
0.748775
0.736505
0.706759
0.671807
0.643920
0.633137
0.640946
0.667346
0.703041
0.736877
0.753237
0.746172
0.719773
0.684821
0.653216
0.634253
0.635368
0.654703
0.685565
0.716054
0.736133
0.737992
0.721260
0.692630
0.665858
0.651357
0.655819
0.677013
0.711593
0.749891
0.780008
0.788932
0.772944
0.737992
0.696348
0.659165
0.635368
0.631279
0.647267
0.676269
0.703413
0.718286
0.713080
0.691514
0.661768
0.634997
0.623470
0.629047
0.652472
0.683706
0.712708
0.726094
0.717542
0.689655
0.652472
0.619008
0.599673
0.600417
0.620124
0.651729
0.683706
0.704156
0.706759
0.690770
0.663627
0.635740
0.619752
0.623842
0.647639
0.684078
0.718657
0.740595
0.739107
0.714568
0.672551
0.628304
0.595211
0.583313
0.593352
0.620124
0.652100
0.679244
0.689283
0.679616
0.652845
0.621611
0.596327
0.585544
0.592609
0.616405
0.648754
0.678500
0.691514
0.683334
0.657678
0.624214
0.592237
0.570299
0.566209
0.581825
0.609341
0.636112
0.648011
0.634253
0.589262
0.510435
0.404837
0.285481
0.176536
0.091016
0.033383
-0.006774
-0.030943
-0.036892
-0.021275
0.014048
0.067591
0.144187
0.243836
0.359474
0.469906
0.556913
0.608226
0.625701
0.617521
0.594468
0.569184
0.550964
0.548361
0.561375
0.586659
0.615662
0.639459
0.649498
0.641317
0.618636
0.591121
0.568440
0.558401
0.563606
0.584428
0.613803
0.639459
0.650242
0.640946
0.616777
0.584800
0.556541
0.540924
0.545015
0.568440
0.604879
0.642433
0.666601
0.669204
0.649498
0.616405
0.581454
0.553939
0.542040
0.548733
0.571414
0.600417
0.621611
0.626445
0.612315
0.585172
0.554682
0.529770
0.520846
0.532001
0.559888
0.592980
0.618264
0.627932
0.618264
0.591865
0.557285
0.526052
0.509320
0.512294
0.533488
0.564350
0.594095
0.610084
0.607853
0.586288
0.556170
0.526795
0.510807
0.515269
0.540553
0.578851
0.615662
0.639830
0.642062
0.621239
0.584057
0.543899
0.516012
0.507088
0.518987
0.546130
0.579223
0.604879
0.611200
0.595583
0.565093
0.530886
0.505602
0.493703
0.499652
0.520103
0.549476
0.574017
0.584057
0.574017
0.547246
0.513038
0.485151
0.471765
0.476599
0.498536
0.531629
0.563606
0.581825
0.581454
0.563606
0.536463
0.510435
0.497050
0.502255
0.523821
0.555798
0.587775
0.609341
0.610456
0.589262
0.554310
0.517128
0.488125
0.477715
0.485895
0.509691
0.537578
0.560259
0.565465
0.548361
0.515269
0.479202
0.452059
0.439788
0.447225
0.471393
0.503742
0.529398
0.539438
0.529770
0.505973
0.476599
0.452059
0.439788
0.443506
0.463957
0.494447
0.523077
0.538322
0.533488
0.512294
0.483664
0.460611
0.450571
0.460238
0.488125
0.527167
0.562119
0.581825
0.580339
0.558029
0.520846
0.480689
0.451315
0.442019
0.452430
0.476227
0.502255
0.520474
0.522705
0.505973
0.474740
0.439788
0.414504
0.407811
0.420081
0.446853
0.478830
0.505230
0.516012
0.506345
0.480317
0.448340
0.424544
0.415619
0.425659
0.449828
0.481804
0.510435
0.525308
0.521590
0.499652
0.468419
0.441647
0.430121
0.439416
0.466932
0.505230
0.542412
0.565465
0.563978
0.538322
0.497050
0.455777
0.427146
0.418222
0.428633
0.452802
0.479946
0.498165
0.496678
0.474740
0.440532
0.407440
0.386245
0.382527
0.397400
0.426774
0.461726
0.490728
0.501883
0.491472
0.463585
0.430493
0.402978
0.389963
0.394426
0.415992
0.446481
0.475112
0.489241
0.484035
0.462841
0.434954
0.411901
0.403721
0.417107
0.450199
0.493331
0.532373
0.554682
0.552079
0.525308
0.481804
0.436814
0.405580
0.394797
0.406696
0.433096
0.465444
0.488498
0.495190
0.483292
0.460238
0.433839
0.414132
0.409298
0.420825
0.446481
0.475484
0.498165
0.504857
0.492959
0.466932
0.436814
0.411158
0.398144
0.400003
0.417850
0.442763
0.466560
0.482920
0.491472
0.492959
0.489241
0.494447
0.518615
0.561004
0.603020
0.632394
0.652472
0.666601
0.676269
0.677013
0.687796
0.725722
0.792279
0.863298
0.910891
0.928738
0.911263
0.857348
0.769597
0.665115
0.561375
0.465444
0.381783
0.312624
0.253503
0.194383
0.135635
0.085438
0.047140
0.013676
-0.018301
-0.042470
-0.058086
-0.072959
-0.096012
-0.120925
-0.144350
-0.167031
-0.199380
-0.238793
-0.280438
-0.319108
-0.356290
-0.392729
-0.423963
-0.445528
-0.455568
-0.458542
-0.462260
-0.470069
-0.482340
-0.494238
-0.506508
-0.516547
-0.522125
-0.518406
-0.505392
-0.486801
-0.464863
-0.440323
-0.412436
-0.384921
-0.358521
-0.334352
-0.309812
-0.288618
-0.271514
-0.261475
-0.253667
-0.246973
-0.240281
-0.236562
-0.235447
-0.231729
-0.228010
-0.227639
-0.233588
-0.241024
-0.248089
-0.255897
-0.267052
-0.279694
-0.292336
-0.303491
-0.313159
-0.323198
-0.333981
-0.342161
-0.348110
-0.352944
-0.360381
-0.366330
-0.368932
-0.365214
-0.359637
-0.350341
-0.338443
-0.323198
-0.308696
-0.298286
-0.293080
-0.291221
-0.291221
-0.291221
-0.289361
-0.284156
-0.274489
-0.262962
-0.253294
-0.245487
-0.237678
-0.227639
-0.219087
-0.216855
-0.219458
-0.224292
-0.230613
-0.241768
-0.259244
-0.278207
-0.295683
-0.311299
-0.328403
-0.346995
-0.364842
-0.375625
-0.380459
-0.380459
-0.376741
-0.373022
-0.369304
-0.371164
-0.376741
-0.386780
-0.399794
-0.411692
-0.420244
-0.425450
-0.426566
-0.426566
-0.425078
-0.426193
-0.429912
-0.435118
-0.441810
-0.455568
-0.548152
-0.737411
-1.008472
-1.219298
-1.330845
-1.354642
-1.358360
-1.365425
-1.371374
-1.378811
-1.382900
-1.381785
-1.375836
-1.365053
-1.350924
-1.335307
-1.320806
-1.311510
-1.304817
-1.297753
-1.284739
-1.266891
-1.243466
-1.214835
-1.181743
-1.148278
-1.118161
-1.093249
-1.073542
-1.054951
-1.028551
-0.988765
-0.940800
-0.898412
-0.870153
-0.857511
-0.863088
-0.890604
-0.943403
-1.006613
-1.069452
-1.119276
-1.160177
-1.194757
-1.225247
-1.251646
-1.272469
-1.293662
-1.317459
-1.344975
-1.372862
-1.399632
-1.424173
-1.445367
-1.461356
-1.473626
-1.483293
-1.492961
-1.503372
-1.515642
-1.528285
-1.536465
-1.534606
-1.521591
-1.505975
-1.497051
-1.500769
-1.517502
-1.547991
-1.590751
-1.639088
-1.681105
-1.707876
-1.722005
-1.727211
-1.733904
-1.740969
-1.753239
-1.766253
-1.777779
-1.782242
-1.774433
-1.753983
-1.721262
-1.678874
-1.629421
-1.579225
-1.533490
-1.494076
-1.457266
-1.421199
-1.384016
-1.344603
-1.304074
-1.262801
-1.220413
-1.175422
-1.126713
-1.084697
-1.054951
-1.042308
-1.041565
-1.053463
-1.077260
-1.108122
-1.137868
-1.164639
-1.192898
-1.229337
-1.275443
-1.329358
-1.386619
-1.439418
-1.484037
-1.517873
-1.545389
-1.572531
-1.605252
-1.644666
-1.686310
-1.723865
-1.752495
-1.768484
-1.771087
-1.760675
-1.743200
-1.723865
-1.708248
-1.695978
-1.685195
-1.678130
-1.674412
-1.671809
-1.667347
-1.659911
-1.656192
-1.658051
-1.667719
-1.681105
-1.690772
-1.687426
-1.660283
-1.603021
-1.512668
-1.385876
-1.227106
-1.051233
-0.879077
-0.722167
-0.580130
-0.447759
-0.327660
-0.219087
-0.121297
-0.028712
0.060898
0.145674
0.221527
0.283250
0.333074
0.378437
0.428633
0.477715
0.517128
0.538694
0.551708
0.559888
0.559516
0.538322
0.497050
0.444994
0.391451
0.337164
0.278416
0.213346
0.144187
0.071681
-0.004543
-0.090807
-0.192316
-0.316505
-0.461517
-0.622518
-0.795788
-0.983188
-1.183230
-1.381413
-1.560633
-1.705273
-1.811987
-1.880775
-1.917214
-1.928369
-1.921676
-1.905316
-1.887468
-1.875198
-1.872967
-1.880403
-1.897879
-1.928369
-1.971128
-2.019838
-2.058880
-2.071521
-2.049212
-2.001246
-1.943241
-1.886352
-1.830579
-1.785960
-1.762535
-1.754355
-1.746174
-1.728698
-1.714569
-1.706017
-1.696721
-1.685567
-1.681477
-1.690401
-1.700439
-1.702671
-1.700811
-1.704530
-1.711966
-1.717916
-1.722005
-1.731301
-1.745430
-1.759932
-1.775177
-1.796743
-1.826861
-1.863671
-1.902341
-1.942126
-1.981540
-2.017979
-2.050328
-2.074868
-2.096062
-2.114282
-2.131014
-2.144400
-2.155182
-2.164478
-2.175261
-2.190134
-2.211700
-2.239215
-2.271192
-2.305771
-2.338864
-2.364892
-2.380880
-2.390920
-2.396126
-2.398356
-2.394638
-2.390920
