-3.349756
-3.334392
-3.316709
-3.297810
-3.273820
-3.244332
-3.190921
-3.075398
-2.843605
-2.470163
-1.958129
-1.352371
-0.695967
-0.058552
0.494003
0.899700
1.146262
1.260829
1.292637
1.284307
1.263973
1.242590
1.220565
1.193176
1.156665
1.111283
1.061408
1.017244
0.989856
0.985762
1.004468
1.037462
1.071896
1.095641
1.101709
1.090413
1.065755
1.035920
1.012625
1.003755
1.009129
1.020845
1.030619
1.032235
1.017916
0.986821
0.945985
0.907983
0.875020
0.835486
0.766179
0.633676
0.395314
0.024848
-0.465378
-1.004921
-1.491261
-1.815957
-1.908737
-1.758681
-1.414480
-0.956547
-0.479214
-0.076456
0.187752
0.304844
0.323446
0.296068
0.255442
0.212002
0.171229
0.136628
0.106226
0.079877
0.059175
0.046809
0.042966
0.046389
0.053842
0.062744
0.071353
0.079394
0.084181
0.082775
0.073116
0.056781
0.034694
0.007443
-0.022624
-0.050926
-0.072844
-0.087836
-0.096779
-0.100769
-0.101945
-0.102994
-0.108957
-0.123863
-0.152249
-0.194073
-0.244756
-0.296741
-0.345324
-0.388407
-0.424814
-0.453619
-0.477848
-0.504261
-0.537854
-0.579593
-0.627043
-0.677264
-0.727234
-0.773088
-0.812265
-0.842835
-0.864713
-0.876134
-0.874119
-0.855559
-0.820370
-0.774012
-0.721018
-0.664080
-0.604536
-0.545538
-0.491664
-0.444088
-0.403693
-0.371947
-0.354059
-0.347593
-0.344317
-0.329327
-0.298924
-0.256177
-0.203983
-0.142340
-0.075658
-0.015695
0.026842
0.054556
0.073956
0.089829
0.099235
0.099151
0.088611
0.070050
0.044899
0.016639
-0.013637
-0.044669
-0.073852
-0.098879
-0.116641
-0.127978
-0.131086
-0.123990
-0.106815
-0.086324
-0.067302
-0.052605
-0.041142
-0.037446
-0.044542
-0.060919
-0.081747
-0.104044
-0.127728
-0.151746
-0.171733
-0.183071
-0.186347
-0.184416
-0.183407
-0.184078
-0.185338
-0.185926
-0.186766
-0.191134
-0.196928
-0.200371
-0.200792
-0.201800
-0.204822
-0.204907
-0.196508
-0.180720
-0.159640
-0.134865
-0.107067
-0.078765
-0.053151
-0.029719
-0.009564
0.004209
0.009247
0.005553
-0.005281
-0.021153
-0.038287
-0.048615
-0.047020
-0.034758
-0.032743
-0.088591
-0.255044
-0.552425
-0.928329
-1.291383
-1.547697
-1.636466
-1.524014
-1.208074
-0.744912
-0.236316
0.204339
0.513897
0.691015
0.772478
0.800948
0.805147
0.804643
0.807498
0.812201
0.809430
0.792886
0.764248
0.730319
0.697902
0.670692
0.651963
0.639954
0.629624
0.611904
0.580999
0.535648
0.480304
0.424288
0.379525
0.352987
0.347277
0.357019
0.374738
0.388931
0.390527
0.377089
0.354666
0.333419
0.322754
0.328884
0.357354
0.411859
0.490550
0.583099
0.673967
0.750894
0.806827
0.839328
0.848314
0.840168
0.827066
0.820600
0.827066
0.843947
0.864774
0.883838
0.898199
0.912896
0.933640
0.968828
1.019638
1.081196
1.142083
1.190205
1.216576
1.217331
1.195244
1.161903
1.132509
1.119576
1.127975
1.157704
1.204062
1.256887
1.302406
1.332219
1.348428
1.360102
1.372614
1.381517
1.372530
1.322057
1.191717
0.936579
0.532372
0.007149
-0.574848
-1.131734
-1.595988
-1.895047
-1.995826
-1.916884
-1.732458
-1.484460
-1.169946
-0.762381
-0.291072
0.204842
0.695046
1.151153
1.453405
1.455253
1.085395
0.439404
-0.340706
-1.152562
-1.915791
-2.544902
-2.958347
-3.171997
-3.257742
