-3.467334508895874023e+00
-3.469550609588623047e+00
-3.470158815383911133e+00
-3.468606472015380859e+00
-3.466230869293212891e+00
-3.459429502487182617e+00
-3.429761171340942383e+00
-3.346170663833618164e+00
-3.178156614303588867e+00
-2.917742967605590820e+00
-2.576858520507812500e+00
-2.178728342056274414e+00
-1.753632664680480957e+00
-1.341785669326782227e+00
-9.873596429824829102e-01
-7.168751955032348633e-01
-5.284057855606079102e-01
-4.010345339775085449e-01
-3.108978271484375000e-01
-2.401479035615921021e-01
-1.795766204595565796e-01
-1.261250823736190796e-01
-8.230081945657730103e-02
-4.964090883731842041e-02
-2.755737304687500000e-02
-1.281331386417150497e-02
-2.141316654160618782e-03
8.686319924890995026e-03
2.093709260225296021e-02
3.603719174861907959e-02
5.264383926987648010e-02
7.078857719898223877e-02
9.000650793313980103e-02
1.090759262442588806e-01
1.261322051286697388e-01
1.395039856433868408e-01
1.488321870565414429e-01
1.551859527826309204e-01
1.588338166475296021e-01
1.602844297885894775e-01
1.602528840303421021e-01
1.592864990234375000e-01
1.546610444784164429e-01
1.409525573253631592e-01
1.140696182847023010e-01
7.520040124654769897e-02
2.904561348259449005e-02
-2.154032327234745026e-02
-7.761739194393157959e-02
-1.439554840326309204e-01
-2.299153655767440796e-01
-3.515787720680236816e-01
-5.322580933570861816e-01
-7.767364382743835449e-01
-1.054573535919189453e+00
-1.299414038658142090e+00
-1.442412257194519043e+00
-1.439653515815734863e+00
-1.276649951934814453e+00
-9.704955816268920898e-01
-5.692321658134460449e-01
-1.427998840808868408e-01
2.365824431180953979e-01
5.201355218887329102e-01
6.932027339935302734e-01
7.735025882720947266e-01
8.012837767601013184e-01
8.092264533042907715e-01
8.146687746047973633e-01
8.161458373069763184e-01
8.101389408111572266e-01
7.949758172035217285e-01
7.707651853561401367e-01
7.378316521644592285e-01
6.958150267601013184e-01
6.459757685661315918e-01
5.885192751884460449e-01
5.239003300666809082e-01
4.521647095680236816e-01
3.786346316337585449e-01
3.126444518566131592e-01
2.642405331134796143e-01
2.392934113740921021e-01
2.402526885271072388e-01
2.661712765693664551e-01
3.122070431709289551e-01
3.682210147380828857e-01
4.237467348575592041e-01
4.726969301700592041e-01
5.153768062591552734e-01
5.538492798805236816e-01
5.895904302597045898e-01
6.218760013580322266e-01
6.488800048828125000e-01
6.678527593612670898e-01
6.774841547012329102e-01
6.794931888580322266e-01
6.780670285224914551e-01
6.774831414222717285e-01
6.811330318450927734e-01
6.917765140533447266e-01
7.104766964912414551e-01
7.361877560615539551e-01
7.655802369117736816e-01
7.955780029296875000e-01
8.240071535110473633e-01
8.498097658157348633e-01
8.729888796806335449e-01
8.935892581939697266e-01
9.113962650299072266e-01
9.249369502067565918e-01
9.326629638671875000e-01
9.341384768486022949e-01
9.300613403320312500e-01
9.217631220817565918e-01
9.110453128814697266e-01
9.000412225723266602e-01
8.915857672691345215e-01
8.862411379814147949e-01
8.834162354469299316e-01
8.816294074058532715e-01
8.808268308639526367e-01
8.816620111465454102e-01
8.844090700149536133e-01
8.899052739143371582e-01
8.986462950706481934e-01
9.109242558479309082e-01
9.245170354843139648e-01
9.362986087799072266e-01
9.416803717613220215e-01
9.341117739677429199e-01
9.124240875244140625e-01
8.799345493316650391e-01
8.485049009323120117e-01
8.224090337753295898e-01
8.031383156776428223e-01
7.901000380516052246e-01
7.847530841827392578e-01
7.859477996826171875e-01
7.858716845512390137e-01
7.776454687118530273e-01
7.597930431365966797e-01
7.356256246566772461e-01
7.100448012351989746e-01
6.852437257766723633e-01
6.621811389923095703e-01
6.402881741523742676e-01
6.181051731109619141e-01
5.938999056816101074e-01
5.656511783599853516e-01
5.332894921302795410e-01
4.982397854328155518e-01
4.633567929267883301e-01
4.326642453670501709e-01
4.105384945869445801e-01
3.999376893043518066e-01
4.005968868732452393e-01
4.106015563011169434e-01
4.276682436466217041e-01
4.497632384300231934e-01
4.743743836879730225e-01
5.001159906387329102e-01
5.264035463333129883e-01
5.510253906250000000e-01
5.715718865394592285e-01
5.848703980445861816e-01
5.925226807594299316e-01
5.957341790199279785e-01
5.967214107513427734e-01
5.961176753044128418e-01
5.954172611236572266e-01
5.965077877044677734e-01
6.003270745277404785e-01
6.058237552642822266e-01
6.114786863327026367e-01
6.152867674827575684e-01
6.175063848495483398e-01
6.171925663948059082e-01
6.142761111259460449e-01
6.092905402183532715e-01
6.042215824127197266e-01
6.013366580009460449e-01
6.002156734466552734e-01
6.001810431480407715e-01
6.013753414154052734e-01
6.041641235351562500e-01
6.081466674804687500e-01
6.099263429641723633e-01
6.077951788902282715e-01
6.028320193290710449e-01
5.975534915924072266e-01
5.927398800849914551e-01
5.857564210891723633e-01
5.752634406089782715e-01
5.631846189498901367e-01
5.519765019416809082e-01
5.433237552642822266e-01
5.363128781318664551e-01
5.314738154411315918e-01
5.282216668128967285e-01
5.250508785247802734e-01
5.197316408157348633e-01
5.105641484260559082e-01
4.961659610271453857e-01
4.651997983455657959e-01
3.920389711856842041e-01
2.436482757329940796e-01
7.847086526453495026e-03
-2.842051088809967041e-01
-5.721170902252197266e-01
-7.976674437522888184e-01
-9.242950677871704102e-01
-9.331187009811401367e-01
-8.159688115119934082e-01
-6.002197265625000000e-01
-3.456685245037078857e-01
-1.265553832054138184e-01
1.560363732278347015e-02
8.215840905904769897e-02
1.016621887683868408e-01
1.042816191911697388e-01
1.087402328848838806e-01
1.223175078630447388e-01
1.445403993129730225e-01
1.693572998046875000e-01
1.883107572793960571e-01
1.934600770473480225e-01
1.825327575206756592e-01
1.596374511718750000e-01
1.340291351079940796e-01
1.144327819347381592e-01
1.061777770519256592e-01
1.088490784168243408e-01
1.178243011236190796e-01
1.267639100551605225e-01
1.315928101539611816e-01
1.316467225551605225e-01
1.297739595174789429e-01
1.308929473161697388e-01
1.404744535684585571e-01
1.626820862293243408e-01
1.977010071277618408e-01
2.418467253446578979e-01
2.886474728584289551e-01
3.310577273368835449e-01
3.638834655284881592e-01
3.850901424884796143e-01
3.977986574172973633e-01
4.068176150321960449e-01
4.168792665004730225e-01
4.262451231479644775e-01
4.270589053630828857e-01
4.046345949172973633e-01
3.465138673782348633e-01
2.496999055147171021e-01
1.243164092302322388e-01
-1.240132655948400497e-02
-1.425883024930953979e-01
-2.501525878906250000e-01
-3.211751282215118408e-01
-3.483123779296875000e-01
-3.341725766658782959e-01
-2.902394533157348633e-01
-2.308105528354644775e-01
-1.684814393520355225e-01
-1.122914627194404602e-01
-6.799113005399703979e-02
-3.938395157456398010e-02
-2.659606933593750000e-02
-2.495117112994194031e-02
-2.529703825712203979e-02
-2.060139924287796021e-02
-1.046040840446949005e-02
2.003987610805779696e-04
5.439249798655509949e-03
1.368204713799059391e-03
-1.257934607565402985e-02
-3.333129733800888062e-02
-5.331827700138092041e-02
-6.381327658891677856e-02
-5.908609926700592041e-02
-3.937581554055213928e-02
-1.033528614789247513e-02
2.149047888815402985e-02
4.938964918255805969e-02
6.866455078125000000e-02
7.660929113626480103e-02
7.481791079044342041e-02
6.668294221162796021e-02
5.435485765337944031e-02
3.623962402343750000e-02
5.285644438117742538e-03
-5.403951182961463928e-02
-1.681467741727828979e-01
-3.667714297771453857e-01
-6.606730222702026367e-01
-1.020107984542846680e+00
-1.357622265815734863e+00
-1.563922166824340820e+00
-1.555332422256469727e+00
-1.319275975227355957e+00
-8.993275761604309082e-01
-3.606303036212921143e-01
2.086649537086486816e-01
6.807444095611572266e-01
9.282073974609375000e-01
8.982188105583190918e-01
6.620005369186401367e-01
3.357421755790710449e-01
6.843058392405509949e-03
-2.967244386672973633e-01
-5.641794800758361816e-01
-7.882049679756164551e-01
-9.679514765739440918e-01
-1.126307129859924316e+00
-1.288833618164062500e+00
-1.472421288490295410e+00
-1.676388502120971680e+00
-1.894231677055358887e+00
-2.121393442153930664e+00
-2.352596044540405273e+00
-2.583333015441894531e+00
