-3.443325
-3.431381
-3.417539
-3.401737
-3.380103
-3.350117
-3.293002
-3.169222
-2.924401
-2.533897
-2.002523
-1.375466
-0.699277
-0.044296
0.520893
0.935828
1.190312
1.311757
1.347464
1.334975
1.301063
1.261131
1.223082
1.185146
1.142380
1.090948
1.033992
0.981546
0.943879
0.928170
0.930807
0.943590
0.957303
0.965774
0.965320
0.952474
0.930394
0.908364
0.897928
0.903907
0.922471
0.944003
0.958711
0.958090
0.941169
0.912377
0.881350
0.854542
0.833299
0.809388
0.761999
0.653115
0.433671
0.073322
-0.414878
-0.958266
-1.450602
-1.783853
-1.887981
-1.751359
-1.418728
-0.971503
-0.508559
-0.125500
0.118146
0.217082
0.219439
0.176063
0.122139
0.067965
0.018860
-0.021227
-0.049400
-0.064769
-0.069733
-0.067292
-0.058481
-0.043009
-0.022634
-0.001928
0.016873
0.034373
0.052121
0.067344
0.076156
0.076032
0.069040
0.057457
0.043474
0.027547
0.011413
-0.002156
-0.009975
-0.011257
-0.007162
-0.001412
0.002519
-0.000833
-0.016057
-0.044932
-0.084688
-0.129822
-0.176694
-0.222614
-0.264645
-0.300636
-0.331043
-0.361119
-0.393759
-0.431322
-0.471699
-0.515178
-0.559857
-0.604494
-0.646029
-0.682518
-0.712552
-0.733815
-0.743082
-0.737828
-0.718715
-0.691495
-0.662205
-0.632088
-0.599903
-0.565028
-0.532057
-0.502023
-0.471285
-0.436038
-0.402736
-0.376260
-0.356072
-0.325458
-0.281234
-0.226668
-0.168627
-0.103222
-0.030163
0.040372
0.094689
0.132004
0.156330
0.173416
0.181773
0.181690
0.172713
0.156826
0.136514
0.113844
0.088566
0.059608
0.030153
0.005249
-0.009810
-0.013285
-0.004307
0.015840
0.044136
0.073963
0.100357
0.119636
0.129688
0.129896
0.121704
0.110038
0.098082
0.085919
0.072681
0.057623
0.042812
0.029491
0.018156
0.008062
-0.002033
-0.011961
-0.021144
-0.029501
-0.037361
-0.047125
-0.058791
-0.072277
-0.085350
-0.097761
-0.108020
-0.113895
-0.111910
-0.101235
-0.083860
-0.063259
-0.042409
-0.023627
-0.007989
0.005001
0.015674
0.022293
0.021714
0.011950
-0.005590
-0.028012
-0.049358
-0.064087
-0.065659
-0.052751
-0.042078
-0.083281
-0.235852
-0.526762
-0.905126
-1.279519
-1.557356
-1.676666
-1.599801
-1.316255
-0.877988
-0.385609
0.046618
0.352504
0.528820
0.612221
0.646558
0.661285
0.670883
0.680811
0.690161
0.694050
0.686355
0.665836
0.638945
0.615448
0.602623
0.600886
0.606346
0.611477
0.608249
0.589633
0.551656
0.497049
0.434912
0.379974
0.342162
0.326523
0.329751
0.345471
0.361357
0.366900
0.357468
0.338190
0.318002
0.306087
0.310804
0.341416
0.404298
0.497628
0.608828
0.721518
0.821633
0.897670
0.939702
0.944252
0.920837
0.888154
0.863996
0.856466
0.864327
0.880874
0.898993
0.915376
0.931097
0.951036
0.980905
1.024095
1.078537
1.134552
1.178982
1.200576
1.194537
1.165910
1.127187
1.094174
1.077462
1.081763
1.106338
1.146879
1.193378
1.235410
1.265609
1.285880
1.302098
1.320383
1.338005
1.341067
1.303090
1.184442
0.940197
0.544541
0.021548
-0.568876
-1.143580
-1.635213
-1.966913
-2.103681
-2.055693
-1.894765
-1.663179
-1.364326
-0.973551
-0.519315
-0.039265
0.434415
0.873097
1.160614
1.158710
0.799376
0.176932
-0.573674
-1.351336
-2.078446
-2.671765
-3.056914
-3.252178
-3.327554
