-3.358428
-3.342024
-3.324847
-3.309182
-3.290857
-3.265390
-3.213667
-3.096839
-2.863220
-2.490246
-1.986963
-1.398704
-0.773080
-0.177667
0.323824
0.681563
0.892991
0.992221
1.026284
1.033711
1.035176
1.038376
1.041337
1.036806
1.017172
0.981728
0.936790
0.896115
0.870119
0.864811
0.879394
0.907057
0.938132
0.961780
0.970221
0.962756
0.944187
0.925311
0.914666
0.916841
0.930418
0.950943
0.972627
0.986463
0.984144
0.964807
0.937844
0.916495
0.901854
0.883304
0.839266
0.737756
0.533508
0.189749
-0.287658
-0.830394
-1.329801
-1.678178
-1.806345
-1.700159
-1.397545
-0.971823
-0.516913
-0.124861
0.147569
0.296243
0.365002
0.395415
0.409442
0.408848
0.393786
0.367454
0.330602
0.287139
0.245535
0.217786
0.210600
0.220929
0.239747
0.258451
0.271847
0.276542
0.271809
0.259064
0.244135
0.231986
0.227502
0.232599
0.247509
0.268857
0.292275
0.314467
0.334090
0.349076
0.357048
0.358007
0.354366
0.349192
0.344439
0.340951
0.339073
0.337962
0.334895
0.328265
0.316997
0.302125
0.284073
0.262686
0.239498
0.215658
0.190171
0.161770
0.129767
0.098760
0.069440
0.040770
0.011488
-0.016721
-0.039679
-0.056658
-0.067045
-0.072909
-0.077010
-0.081954
-0.085748
-0.085518
-0.079731
-0.071452
-0.061219
-0.050947
-0.048839
-0.061640
-0.090808
-0.123808
-0.153626
-0.174669
-0.180685
-0.165470
-0.130285
-0.088661
-0.054014
-0.033776
-0.031554
-0.046540
-0.075592
-0.115682
-0.164627
-0.217864
-0.265045
-0.296857
-0.313145
-0.319163
-0.321539
-0.325372
-0.336909
-0.360594
-0.394208
-0.429852
-0.456528
-0.465344
-0.450703
-0.414674
-0.367341
-0.319239
-0.277769
-0.243773
-0.219244
-0.204449
-0.198393
-0.197319
-0.199236
-0.200232
-0.197703
-0.187201
-0.169034
-0.142434
-0.108554
-0.070302
-0.035272
-0.009132
0.006428
0.013788
0.013942
0.008806
0.002826
0.000833
0.004743
0.012331
0.017850
0.015168
-0.003612
-0.042936
-0.103188
-0.176316
-0.248296
-0.307780
-0.349403
-0.375083
-0.386734
-0.388574
-0.386734
-0.388957
-0.396852
-0.408044
-0.431654
-0.503786
-0.669438
-0.942789
-1.271333
-1.568907
-1.756558
-1.789673
-1.645869
-1.323227
-0.870964
-0.382825
0.038931
0.339264
0.522086
0.621432
0.675626
0.710121
0.739250
0.766386
0.787543
0.796205
0.788002
0.762477
0.726372
0.688888
0.660143
0.642052
0.631320
0.618289
0.596059
0.561487
0.516415
0.464212
0.411397
0.367781
0.343251
0.339264
0.348080
0.358505
0.362491
0.355133
0.334972
0.304080
0.271425
0.247585
0.242909
0.267132
0.326003
0.418602
0.531591
0.648338
0.752281
0.832156
0.879375
0.894016
0.885967
0.871787
0.866497
0.875236
0.893557
0.912490
0.924679
0.928511
0.927745
0.930351
0.946602
0.981787
1.034755
1.094929
1.148818
1.184462
1.195500
1.184769
1.160469
1.135556
1.119842
1.119842
1.136016
1.163229
1.192588
1.215201
1.227465
1.233445
1.239807
1.251535
1.263416
1.260964
1.217654
1.095696
0.850247
0.454860
-0.071682
-0.669284
-1.256920
-1.767596
-2.134466
-2.324187
-2.339826
-2.237491
-2.052446
-1.790132
-1.435451
-1.021973
-0.592016
-0.178922
0.189404
0.414003
0.383648
0.054338
-0.480560
-1.103381
-1.734021
-2.315832
-2.785497
-3.084912
-3.233009
-3.290117
