1.237805
1.247365
1.254366
1.257922
1.259026
1.261374
1.265252
1.268249
1.268036
1.263484
1.256055
1.247229
1.238960
1.231933
1.226812
1.223745
1.222713
1.223087
1.223722
1.224007
1.224218
1.224071
1.223012
1.220719
1.217734
1.214841
1.211579
1.208534
1.206344
1.205841
1.205774
1.204598
1.201809
1.198824
1.196360
1.194831
1.193431
1.192166
1.190673
1.189170
1.187925
1.187739
1.188545
1.190280
1.192414
1.194774
1.197078
1.198410
1.198028
1.195616
1.192569
1.190895
1.191608
1.193622
1.194717
1.194031
1.191572
1.188023
1.182951
1.176830
1.170384
1.165121
1.161810
1.160818
1.161169
1.161655
1.161458
1.161510
1.162502
1.164413
1.166324
1.168762
1.172450
1.177181
1.181138
1.183886
1.187894
1.195941
1.208328
1.222233
1.236096
1.249546
1.261922
1.270775
1.274101
1.273161
1.271013
1.270021
1.270331
1.270661
1.270785
1.270269
1.269484
1.267934
1.265775
1.263058
1.259990
1.256922
1.253967
1.250259
1.245176
1.238307
1.230889
1.222935
1.214226
1.204723
1.196375
1.191065
1.189278
1.189857
1.191779
1.194371
1.196881
1.198710
1.199485
1.198824
1.196706
1.193514
1.190952
1.189444
1.188194
1.186479
1.184795
1.184268
1.184929
1.185301
1.184826
1.183214
1.180983
1.177946
1.173504
1.168111
1.162574
1.158112
1.155632
1.155012
1.156066
1.158070
1.161107
1.164454
1.166851
1.167078
1.166190
1.165467
1.165446
1.165281
1.165260
1.165777
1.166438
1.165425
1.162368
1.157987
1.153897
1.151149
1.150446
1.151975
1.155302
1.159516
1.163463
1.165281
1.164310
1.162037
1.160735
1.161397
1.163173
1.165508
1.167925
1.169991
1.171148
1.171810
1.171541
1.170157
1.168049
1.167037
1.168008
1.169578
1.170591
1.170570
1.170859
1.171417
1.171789
1.170550
1.167595
1.164145
1.161603
1.160488
1.159682
1.159268
1.159165
1.159888
1.160508
1.160529
1.159909
1.158938
1.158628
1.159289
1.161624
1.164702
1.167719
1.169372
1.169413
1.167677
1.164145
1.159434
1.155054
1.152326
1.151438
1.151314
1.151335
1.151046
1.150343
1.148711
1.146624
1.144785
1.144372
1.145612
1.148008
1.150364
1.151108
1.149413
1.145405
1.140013
1.134641
1.130343
1.127885
1.127182
1.128153
1.129930
1.131893
1.133546
1.135591
1.138587
1.141893
1.144806
1.146810
1.147926
1.147554
1.145529
1.143463
1.143236
1.145281
1.148525
1.152636
1.157719
1.162698
1.165446
1.165735
1.165198
1.165198
1.164868
1.163710
1.162388
1.161893
1.161603
1.160446
1.158793
1.157802
1.157843
1.158876
1.160405
1.162595
1.165239
1.168215
1.171727
1.175322
1.178008
1.178793
1.176727
1.173587
1.170033
1.166975
1.164000
1.161686
1.161810
1.163380
1.165653
1.166934
1.167925
1.169083
1.170074
1.170735
1.170818
1.170901
1.171314
1.171520
1.170942
1.168793
1.163380
1.139992
1.074745
0.944871
0.751279
0.510911
0.244055
-0.032304
-0.294242
-0.515767
-0.682418
-0.804358
-0.900017
-0.984933
-1.064726
-1.138526
-1.196831
-1.220384
-1.188815
-1.094271
-0.943075
-0.753449
-0.547667
-0.358786
-0.228871
-0.198954
-0.292134
-0.501635
-0.797705
-1.138154
-1.482446
-1.792400
-2.036776
-2.198675
-2.282888
-2.312268
-2.313755
-2.310284
-2.314582
-2.330739
-2.355449
-2.384870
-2.415200
-2.443092
-2.463010
-2.472554
-2.471811
-2.464414
-2.451811
-2.434745
-2.413010
-2.387060
-2.356689
-2.321276
-2.278922
-2.228633
-2.167518
-2.086858
-1.967356
-1.793805
-1.567982
-1.315052
-1.060841
-0.824605
-0.623121
-0.474446
-0.388455
-0.352216
-0.342216
-0.339530
-0.337712
-0.336555
-0.336721
-0.337175
-0.336927
-0.334902
-0.332258
-0.330688
-0.330977
-0.333580
-0.338910
-0.347547
-0.358993
-0.371720
-0.384860
-0.397215
-0.407752
-0.414529
-0.416760
-0.414943
-0.410604
-0.404901
-0.398579
-0.392009
-0.385604
-0.379240
-0.372629
-0.366142
-0.359985
-0.354530
-0.349943
-0.346224
-0.342588
-0.337464
-0.330522
-0.322877
-0.315439
-0.308084
-0.300481
-0.293250
-0.287217
-0.282176
-0.277630
-0.273746
-0.271101
-0.270316
-0.270606
-0.271845
-0.273374
-0.275234
-0.277217
-0.280027
-0.285068
-0.292548
-0.302010
-0.312506
-0.323869
-0.335109
-0.344654
-0.351472
-0.357092
-0.362835
-0.369406
-0.376265
-0.384695
-0.395480
-0.407670
-0.418703
-0.427917
-0.435934
-0.443455
-0.449900
-0.454859
-0.459405
-0.463619
-0.467916
-0.471801
-0.476016
-0.480644
-0.485106
-0.487917
-0.488082
-0.485685
-0.481387
-0.475602
-0.468495
-0.460313
-0.452628
-0.446264
-0.442050
-0.438826
-0.435768
-0.431636
-0.425934
-0.417669
-0.407505
-0.395934
-0.385273
-0.376348
-0.370232
-0.366761
-0.365357
-0.364778
-0.362546
-0.357422
-0.349489
-0.339985
-0.330068
-0.320233
-0.310977
-0.303456
-0.298746
-0.298498
-0.301225
-0.305522
-0.309655
-0.313208
-0.316597
-0.318828
-0.320811
-0.322877
-0.326762
-0.333208
-0.341968
-0.353208
-0.367092
-0.384117
-0.402628
-0.420479
-0.435438
-0.447339
-0.454694
-0.457091
-0.454363
-0.450396
-0.448495
-0.450396
-0.454694
-0.460644
-0.467669
-0.475354
-0.481635
-0.484776
-0.485520
-0.485850
-0.487834
-0.489983
-0.491387
-0.491553
-0.491553
-0.490726
-0.488825
-0.486346
-0.483867
-0.480396
-0.474198
-0.464694
-0.452545
-0.438165
-0.421884
-0.404860
-0.388662
-0.374777
-0.363290
-0.354034
-0.347340
-0.343456
-0.342464
-0.343373
-0.345026
-0.347505
-0.350563
-0.354943
-0.360067
-0.366183
-0.372712
-0.377918
-0.379901
-0.377670
-0.372133
-0.364447
-0.356266
-0.349737
-0.347009
-0.347670
-0.349819
-0.352712
-0.356844
-0.361885
-0.366761
-0.370232
-0.373869
-0.377340
-0.380480
-0.382050
-0.382133
-0.381554
-0.381802
-0.383124
-0.386017
-0.389240
-0.392464
-0.395108
-0.396595
-0.396761
-0.394116
-0.388496
-0.381307
-0.376182
-0.378827
-0.389653
-0.406347
-0.421141
-0.432463
-0.439570
-0.440479
-0.431884
-0.414860
-0.397835
-0.386678
-0.381885
-0.380893
-0.383620
-0.390645
-0.401223
-0.414446
-0.430149
-0.448578
-0.468082
-0.487090
-0.505519
-0.522544
-0.536676
-0.544609
-0.545188
-0.539155
-0.529403
-0.518494
-0.507999
-0.499404
-0.494115
-0.493371
-0.496428
-0.501718
-0.507833
-0.514362
-0.521552
-0.529073
-0.537172
-0.546511
-0.557750
-0.570312
-0.583865
-0.601633
-0.624691
-0.650972
-0.671550
-0.683203
-0.685186
-0.680971
-0.671550
-0.658657
-0.644030
-0.629071
-0.615518
-0.605435
-0.601303
-0.602460
-0.607254
-0.612625
-0.617749
-0.621799
-0.624278
-0.625352
-0.625435
-0.626426
-0.629319
-0.635104
-0.642955
-0.651302
-0.657831
-0.660641
-0.659484
-0.654856
-0.647831
-0.638741
-0.628658
-0.618410
-0.608245
-0.597502
-0.587336
-0.579072
-0.574113
-0.572626
-0.574279
-0.579237
-0.585683
-0.592708
-0.598246
-0.601633
-0.603286
-0.604278
-0.605931
-0.608410
-0.611964
-0.616509
-0.620807
-0.623039
-0.622460
-0.619320
-0.614361
-0.608080
-0.601468
-0.596097
-0.592047
-0.588162
-0.582543
-0.575684
-0.568824
-0.563618
-0.559568
-0.557254
-0.557089
-0.559816
-0.563122
-0.564857
-0.563039
-0.559568
-0.556014
-0.554858
-0.555354
-0.556758
-0.556924
-0.556180
-0.553700
-0.550230
-0.545932
-0.545188
-0.550560
-0.562626
-0.577254
-0.590229
-0.600477
-0.606923
-0.608824
-0.602873
-0.589237
-0.570395
-0.551800
-0.536263
-0.525602
-0.519734
-0.520560
-0.527916
-0.538908
-0.548660
-0.553949
-0.554692
-0.551965
-0.545849
-0.537089
-0.526924
-0.518329
-0.512710
-0.510147
-0.510478
-0.512710
-0.516676
-0.520395
-0.522874
-0.522792
-0.519899
-0.514280
-0.507585
-0.501387
-0.496594
-0.493371
-0.492462
-0.495106
-0.500147
-0.505519
-0.509652
-0.512213
-0.512461
-0.508743
-0.500891
-0.489734
-0.477338
-0.465768
-0.457338
-0.453041
-0.451636
-0.452545
-0.455355
-0.458826
-0.460148
-0.457256
-0.452380
-0.447669
-0.444694
-0.441636
-0.438413
-0.436017
-0.435686
-0.437256
-0.439404
-0.442462
-0.446430
-0.450644
-0.452793
-0.451388
-0.446181
-0.438248
-0.428661
-0.419074
-0.411224
-0.407422
-0.408910
-0.415521
-0.424860
-0.434694
-0.443620
-0.451223
-0.456347
-0.458826
-0.458496
-0.456842
-0.455189
-0.455024
-0.457173
-0.464941
-0.495189
-0.571551
-0.712210
-0.910554
-1.148071
-1.407075
-1.670543
-1.915167
-2.114503
-2.260285
-2.363755
-2.442596
-2.507389
-2.562264
-2.609205
-2.648048
-2.678295
-2.700279
-2.718956
-2.736145
-2.751186
-2.761600
-2.764905
-2.754823
-2.726559
-2.683584
