-3.027398511767387390e-02
2.237581089138984680e-02
7.249478995800018311e-02
1.172608584165573120e-01
1.552935987710952759e-01
1.887933462858200073e-01
2.181150019168853760e-01
2.424553334712982178e-01
2.609492242336273193e-01
2.739352881908416748e-01
2.824833989143371582e-01
2.873521149158477783e-01
2.887117266654968262e-01
2.868366837501525879e-01
2.820083498954772949e-01
2.745053470134735107e-01
2.648251354694366455e-01
2.534140944480895996e-01
2.406111359596252441e-01
2.259377837181091309e-01
2.087725251913070679e-01
1.889283508062362671e-01
1.671623289585113525e-01
1.448500305414199829e-01
1.217409744858741760e-01
9.701093286275863647e-02
6.911811977624893188e-02
3.775507584214210510e-02
3.519694088026881218e-03
-3.209279477596282959e-02
-6.684710085391998291e-02
-9.896125644445419312e-02
-1.281742155551910400e-01
-1.543805450201034546e-01
-1.776855438947677612e-01
-1.977588683366775513e-01
-2.154649049043655396e-01
-2.324206084012985229e-01
-2.488992065191268921e-01
-2.646506130695343018e-01
-2.808592617511749268e-01
-3.000503480434417725e-01
-3.248201906681060791e-01
-3.534827530384063721e-01
-3.843223750591278076e-01
-4.151788055896759033e-01
-4.451059401035308838e-01
-4.715446829795837402e-01
-4.921625554561614990e-01
-5.073575973510742188e-01
-5.195757150650024414e-01
-5.317401289939880371e-01
-5.452812910079956055e-01
-5.613111853599548340e-01
-5.804632306098937988e-01
-6.029900908470153809e-01
-6.282485723495483398e-01
-6.547830104827880859e-01
-6.795514225959777832e-01
-6.984117031097412109e-01
-7.086007595062255859e-01
-7.091644406318664551e-01
-7.007812261581420898e-01
-6.835190057754516602e-01
-6.582000851631164551e-01
-6.262021660804748535e-01
-5.895550847053527832e-01
-5.500132441520690918e-01
-5.092719793319702148e-01
-4.680463075637817383e-01
-4.256894290447235107e-01
-3.811737000942230225e-01
-3.352890014648437500e-01
-2.889078855514526367e-01
-2.429234832525253296e-01
-1.980433166027069092e-01
-1.566691100597381592e-01
-1.215382888913154602e-01
-9.187825769186019897e-02
-6.538340449333190918e-02
-3.926086425781250000e-02
-1.283111609518527985e-02
1.310628280043601990e-02
3.918151929974555969e-02
6.441751867532730103e-02
8.881124109029769897e-02
1.102879866957664490e-01
1.284082978963851929e-01
1.434351652860641479e-01
1.567158997058868408e-01
1.698333770036697388e-01
1.831522583961486816e-01
1.972981840372085571e-01
2.121297270059585571e-01
2.290969789028167725e-01
2.485127747058868408e-01
2.704681456089019775e-01
2.931803464889526367e-01
3.145980834960937500e-01
3.325591981410980225e-01
3.448036313056945801e-01
3.501375913619995117e-01
3.485888242721557617e-01
3.412546813488006592e-01
3.304028809070587158e-01
3.176979124546051025e-01
3.056114315986633301e-01
2.937825620174407959e-01
2.814102172851562500e-01
2.663548886775970459e-01
2.482353150844573975e-01
2.283724397420883179e-01
2.083096802234649658e-01
1.897585541009902954e-01
1.728558838367462158e-01
1.577336639165878296e-01
1.445063203573226929e-01
1.331217437982559204e-01
1.239995285868644714e-01
1.163266524672508240e-01
1.104873642325401306e-01
1.068094894289970398e-01
1.060239151120185852e-01
1.061449721455574036e-01
1.039121001958847046e-01
9.672864526510238647e-02
8.551419526338577271e-02
7.235565036535263062e-02
5.858205258846282959e-02
4.452018812298774719e-02
3.080507926642894745e-02
1.872825622558593750e-02
8.595784194767475128e-03
-3.049214719794690609e-04
-8.550262078642845154e-03
-1.643664017319679260e-02
-2.344080619513988495e-02
-3.038266487419605255e-02
-3.853848949074745178e-02
-5.011100694537162781e-02
-6.874147802591323853e-02
-1.011174544692039490e-01
-1.523943543434143066e-01
-2.230100035667419434e-01
-3.048629760742187500e-01
-3.901237547397613525e-01
-4.730547666549682617e-01
-5.491831302642822266e-01
-6.134740114212036133e-01
-6.593162417411804199e-01
-6.869252324104309082e-01
-6.995580196380615234e-01
-7.025591731071472168e-01
-6.979070305824279785e-01
-6.851593255996704102e-01
-6.642659306526184082e-01
-6.368525028228759766e-01
-6.062306761741638184e-01
-5.759562253952026367e-01
-5.478668212890625000e-01
-5.224573612213134766e-01
-5.000249147415161133e-01
-4.823552370071411133e-01
-4.715103209018707275e-01
-4.679331481456756592e-01
-4.699951112270355225e-01
-4.768218994140625000e-01
-4.884577393531799316e-01
-5.052124261856079102e-01
-5.254165530204772949e-01
-5.460576415061950684e-01
-5.644195675849914551e-01
-5.786132812500000000e-01
-5.882873535156250000e-01
-5.937179327011108398e-01
-5.954726934432983398e-01
-5.959289669990539551e-01
-5.976720452308654785e-01
-6.037083864212036133e-01
-6.138132810592651367e-01
-6.267507076263427734e-01
-6.407104730606079102e-01
-6.541666388511657715e-01
-6.652109622955322266e-01
-6.714701056480407715e-01
-6.721120476722717285e-01
-6.667816042900085449e-01
-6.564331054687500000e-01
-6.422516107559204102e-01
-6.256571412086486816e-01
-6.076425909996032715e-01
-5.875396728515625000e-01
-5.657206177711486816e-01
-5.422770380973815918e-01
-5.190734863281250000e-01
-4.978922605514526367e-01
-4.812611937522888184e-01
-4.705698788166046143e-01
-4.656158387660980225e-01
-4.653706848621368408e-01
-4.693155884742736816e-01
-4.773518741130828857e-01
-4.891133606433868408e-01
-5.041188597679138184e-01
-5.225555300712585449e-01
-5.452341437339782715e-01
-5.718221068382263184e-01
-6.006957888603210449e-01
-6.295135617256164551e-01
-6.567748785018920898e-01
-6.817779541015625000e-01
-7.049590945243835449e-01
-7.270873785018920898e-01
-7.498168945312500000e-01
-7.744242548942565918e-01
-8.016347289085388184e-01
-8.314066529273986816e-01
-8.621460199356079102e-01
-8.917531371116638184e-01
-9.173166751861572266e-01
-9.375833868980407715e-01
-9.520853757858276367e-01
-9.609029293060302734e-01
-9.636698365211486816e-01
-9.613403081893920898e-01
-9.544515013694763184e-01
-9.428243041038513184e-01
-9.243021607398986816e-01
-8.981058597564697266e-01
-8.663675785064697266e-01
-8.319946527481079102e-01
-7.974853515625000000e-01
-7.633178830146789551e-01
-7.295796871185302734e-01
-6.961100101470947266e-01
-6.617146730422973633e-01
-6.261962652206420898e-01
-5.897949337959289551e-01
-5.542154908180236816e-01
-5.214253664016723633e-01
-4.939025938510894775e-01
-4.741088747978210449e-01
-4.618754088878631592e-01
-4.554768800735473633e-01
-4.521240293979644775e-01
-4.506489932537078857e-01
-4.494974911212921143e-01
-4.472412168979644775e-01
-4.441385865211486816e-01
-4.417276978492736816e-01
-4.417073428630828857e-01
-4.428853392601013184e-01
-4.427123963832855225e-01
-4.393208920955657959e-01
-4.321309328079223633e-01
-4.214925169944763184e-01
-4.069274961948394775e-01
-3.882141113281250000e-01
-3.671142458915710449e-01
-3.470479249954223633e-01
-3.308878540992736816e-01
-3.192993104457855225e-01
-3.114583194255828857e-01
-3.076578676700592041e-01
-3.076721131801605225e-01
-3.113749325275421143e-01
-3.168436586856842041e-01
-3.230285644531250000e-01
-3.278910219669342041e-01
-3.306050598621368408e-01
-3.301452696323394775e-01
-3.266581296920776367e-01
-3.197570741176605225e-01
-3.097473084926605225e-01
-2.981038391590118408e-01
-2.873982787132263184e-01
-2.796081602573394775e-01
-2.761698365211486816e-01
-2.770873904228210449e-01
-2.822123169898986816e-01
-2.901489138603210449e-01
-2.995625734329223633e-01
-3.087443113327026367e-01
-3.160115480422973633e-01
-3.205444216728210449e-01
-3.224792480468750000e-01
-3.235656619071960449e-01
-3.288655579090118408e-01
-3.617655336856842041e-01
-4.545491635799407959e-01
-6.360066533088684082e-01
-8.998962640762329102e-01
-1.220292210578918457e+00
-1.567559838294982910e+00
-1.915197730064392090e+00
-2.229481935501098633e+00
-2.474837303161621094e+00
-2.637636423110961914e+00
-2.735497951507568359e+00
-2.788535594940185547e+00
-2.807128906250000000e+00
-2.797526121139526367e+00
-2.777026414871215820e+00
-2.767834424972534180e+00
-2.773274660110473633e+00
-2.789359569549560547e+00
-2.816902637481689453e+00
-2.857405662536621094e+00
-2.907108545303344727e+00
-2.944824218750000000e+00
-2.965039014816284180e+00
-2.971244335174560547e+00
-2.974788427352905273e+00
-2.980456590652465820e+00
-2.988142967224121094e+00
-2.998201608657836914e+00
-3.008276462554931641e+00
-3.015616893768310547e+00
-3.018216848373413086e+00
-3.016760349273681641e+00
-3.011250734329223633e+00
-3.001285791397094727e+00
-2.985274314880371094e+00
-2.965262889862060547e+00
-2.946736574172973633e+00
-2.936022996902465820e+00
-2.937076807022094727e+00
-2.946228027343750000e+00
-2.957604885101318359e+00
-2.963675975799560547e+00
-2.957409620285034180e+00
-2.930293798446655273e+00
-2.873872995376586914e+00
-2.787259817123413086e+00
-2.675793409347534180e+00
-2.549153566360473633e+00
-2.414656639099121094e+00
-2.277286767959594727e+00
-2.140397071838378906e+00
-2.006485939025878906e+00
-1.876603245735168457e+00
-1.749161839485168457e+00
-1.619148731231689453e+00
-1.479321241378784180e+00
-1.313875317573547363e+00
-1.097355127334594727e+00
-8.104003667831420898e-01
-4.578694701194763184e-01
-7.430826872587203979e-02
3.051676452159881592e-01
6.538167595863342285e-01
9.462646245956420898e-01
1.156103491783142090e+00
1.270694971084594727e+00
1.311385035514831543e+00
1.311897754669189453e+00
1.298128247261047363e+00
1.277433276176452637e+00
1.250805616378784180e+00
1.219441771507263184e+00
1.185970067977905273e+00
1.153303980827331543e+00
1.124633789062500000e+00
1.103295922279357910e+00
1.091219067573547363e+00
1.089265942573547363e+00
1.096272826194763184e+00
1.110961914062500000e+00
1.131746411323547363e+00
1.156819701194763184e+00
1.184232592582702637e+00
1.212911009788513184e+00
1.242687940597534180e+00
1.272534132003784180e+00
1.299348950386047363e+00
1.319925904273986816e+00
1.331713914871215820e+00
1.333610057830810547e+00
1.325130224227905273e+00
1.307751417160034180e+00
1.284110546112060547e+00
1.257490992546081543e+00
1.230338573455810547e+00
1.205053687095642090e+00
1.182987451553344727e+00
1.164282202720642090e+00
1.148750782012939453e+00
1.136523485183715820e+00
1.127872705459594727e+00
1.121370434761047363e+00
1.114562988281250000e+00
1.104805469512939453e+00
1.090637207031250000e+00
1.071215867996215820e+00
1.046032667160034180e+00
1.014953613281250000e+00
9.784179925918579102e-01
9.382975101470947266e-01
8.971354365348815918e-01
8.576660156250000000e-01
8.228922486305236816e-01
7.959024906158447266e-01
7.798746824264526367e-01
7.760416865348815918e-01
7.829142212867736816e-01
7.971557378768920898e-01
8.143310546875000000e-01
8.303792476654052734e-01
8.415445685386657715e-01
8.456624150276184082e-01
8.430582880973815918e-01
8.349934816360473633e-01
8.229614496231079102e-01
8.072713017463684082e-01
7.892740964889526367e-01
7.718505859375000000e-01
7.577677369117736816e-01
7.486084103584289551e-01
7.446044683456420898e-01
7.464559078216552734e-01
7.545288205146789551e-01
7.670695185661315918e-01
7.818318605422973633e-01
7.969442009925842285e-01
8.124592900276184082e-01
8.276326656341552734e-01
8.414224982261657715e-01
8.527954220771789551e-01
8.618814945220947266e-01
8.693115115165710449e-01
8.750488162040710449e-01
8.796671628952026367e-01
8.841024041175842285e-01
8.898397088050842285e-01
8.967285156250000000e-01
9.035441279411315918e-01
9.082885980606079102e-01
9.090698361396789551e-01
9.040934443473815918e-01
8.937459588050842285e-01
8.801879882812500000e-01
8.663899898529052734e-01
8.545247316360473633e-01
8.463094234466552734e-01
8.436076045036315918e-01
8.465983271598815918e-01
8.543823361396789551e-01
8.647338747978210449e-01
8.759358525276184082e-01
8.867105841636657715e-01
8.975057005882263184e-01
9.095418453216552734e-01
9.232706427574157715e-01
9.370849728584289551e-01
9.490356445312500000e-01
9.579305052757263184e-01
9.637410640716552734e-01
9.657796025276184082e-01
9.631632566452026367e-01
9.542683959007263184e-01
9.400431513786315918e-01
9.222859740257263184e-01
9.043050408363342285e-01
8.878621459007263184e-01
8.754516839981079102e-01
8.696939945220947266e-01
8.722981810569763184e-01
8.825195431709289551e-01
8.987671136856079102e-01
9.190063476562500000e-01
9.410278201103210449e-01
9.606241583824157715e-01
9.752359986305236816e-01
9.831787347793579102e-01
9.849528074264526367e-01
9.805379509925842285e-01
9.710571169853210449e-01
9.577636718750000000e-01
9.423705935478210449e-01
9.262939691543579102e-01
9.115275144577026367e-01
8.994995355606079102e-01
8.904195427894592285e-01
8.844014406204223633e-01
8.813944458961486816e-01
8.836527466773986816e-01
8.905619382858276367e-01
9.016866087913513184e-01
9.145182371139526367e-01
9.278666377067565918e-01
9.392313361167907715e-01
9.452270269393920898e-01
9.433125853538513184e-01
9.333638548851013184e-01
9.172261357307434082e-01
8.971475958824157715e-01
8.743062615394592285e-01
8.501241207122802734e-01
8.256734013557434082e-01
8.028808832168579102e-01
7.822957634925842285e-01
7.637064456939697266e-01
7.465372681617736816e-01
7.311523556709289551e-01
7.193053960800170898e-01
7.118753790855407715e-01
7.092753052711486816e-01
7.095865607261657715e-01
7.110067009925842285e-01
7.105265259742736816e-01
7.068216800689697266e-01
6.975423097610473633e-01
6.818969845771789551e-01
6.599161624908447266e-01
6.349182128906250000e-01
6.103108525276184082e-01
5.890075564384460449e-01
5.705973505973815918e-01
5.548115968704223633e-01
5.401998162269592285e-01
5.260213017463684082e-01
5.111368894577026367e-01
4.947977662086486816e-01
4.787617921829223633e-01
4.647562801837921143e-01
4.549824893474578857e-01
4.484944641590118408e-01
4.434895813465118408e-01
4.380676150321960449e-01
4.318766295909881592e-01
4.256510436534881592e-01
4.195353090763092041e-01
4.120849668979644775e-01
4.018107056617736816e-01
3.865295350551605225e-01
3.656372129917144775e-01
3.382588624954223633e-01
3.057495057582855225e-01
2.714396119117736816e-01
2.391947358846664429e-01
2.133463472127914429e-01
1.958760619163513184e-01
1.883748322725296021e-01
1.904296875000000000e-01
2.012410461902618408e-01
2.196289002895355225e-01
2.449645996093750000e-01
2.765441834926605225e-01
3.125467896461486816e-01
3.488200008869171143e-01
3.802551329135894775e-01
4.022989869117736816e-01
4.129109680652618408e-01
4.115091860294342041e-01
3.995951414108276367e-01
3.793009519577026367e-01
3.540974855422973633e-01
3.277954161167144775e-01
3.046407103538513184e-01
2.889546751976013184e-01
2.836710512638092041e-01
2.904540896415710449e-01
3.097269833087921143e-01
3.404846191406250000e-01
3.794698119163513184e-01
4.189493954181671143e-01
4.487915039062500000e-01
4.651794433593750000e-01
4.714314639568328857e-01
4.763041138648986816e-01
4.803039431571960449e-01
4.817515015602111816e-01
4.833384156227111816e-01
4.895039796829223633e-01
5.008402466773986816e-01
5.072814822196960449e-01
5.053232908248901367e-01
4.975341856479644775e-01
4.896067380905151367e-01
4.821268618106842041e-01
4.732249081134796143e-01
4.632720947265625000e-01
4.527730345726013184e-01
4.411427676677703857e-01
4.277597963809967041e-01
4.136556088924407959e-01
4.014750123023986816e-01
3.923421204090118408e-01
3.863138854503631592e-01
3.832387328147888184e-01
3.839019834995269775e-01
3.885620236396789551e-01
3.964111208915710449e-01
4.055053591728210449e-01
4.155466854572296143e-01
4.263112246990203857e-01
4.386790096759796143e-01
4.527801573276519775e-01
4.681854248046875000e-01
4.838806092739105225e-01
4.983988404273986816e-01
5.124145746231079102e-01
5.276244878768920898e-01
5.448750853538513184e-01
5.638570189476013184e-01
5.831064581871032715e-01
6.033508181571960449e-01
6.247192621231079102e-01
6.460916996002197266e-01
6.636240482330322266e-01
6.710907220840454102e-01
6.692444086074829102e-01
6.615295410156250000e-01
6.562449336051940918e-01
6.527384519577026367e-01
6.503540277481079102e-01
6.464080810546875000e-01
6.407104730606079102e-01
6.312490105628967285e-01
6.157439947128295898e-01
5.937586426734924316e-01
5.642415285110473633e-01
5.266209840774536133e-01
4.791264832019805908e-01
4.230504333972930908e-01
3.609980344772338867e-01
2.978851199150085449e-01
2.375813871622085571e-01
1.841059327125549316e-01
1.416442841291427612e-01
1.152084320783615112e-01
1.064682006835937500e-01
1.136210113763809204e-01
1.323679536581039429e-01
1.593760102987289429e-01
1.910954862833023071e-01
2.229151427745819092e-01
2.508738338947296143e-01
2.730061709880828857e-01
2.894795835018157959e-01
3.003951907157897949e-01
3.049626648426055908e-01
3.037226498126983643e-01
2.975067198276519775e-01
2.890090942382812500e-01
2.794408202171325684e-01
2.714614868164062500e-01
2.669723629951477051e-01
2.683619260787963867e-01
2.750691771507263184e-01
2.859685122966766357e-01
2.988886535167694092e-01
3.123875856399536133e-01
3.249582946300506592e-01
3.360499143600463867e-01
3.465327024459838867e-01
3.564524352550506592e-01
3.654042482376098633e-01
3.727762997150421143e-01
3.807800412178039551e-01
3.924728333950042725e-01
4.101272523403167725e-01
4.323476254940032959e-01
4.567860960960388184e-01
4.806455075740814209e-01
5.023406744003295898e-01
5.193946957588195801e-01
5.292971134185791016e-01
5.312947630882263184e-01
5.278701782226562500e-01
5.224316716194152832e-01
5.182240605354309082e-01
5.161206722259521484e-01
5.179407596588134766e-01
5.235875248908996582e-01
5.330194830894470215e-01
5.443631410598754883e-01
5.570743680000305176e-01
5.698375701904296875e-01
5.822280645370483398e-01
5.928909182548522949e-01
6.019547581672668457e-01
6.099921464920043945e-01
6.177595257759094238e-01
6.260474920272827148e-01
6.338770389556884766e-01
6.409389376640319824e-01
6.473228335380554199e-01
6.545804738998413086e-01
6.642993688583374023e-01
6.763089299201965332e-01
6.893590092658996582e-01
7.009599804878234863e-01
7.077960968017578125e-01
7.073770165443420410e-01
6.976546049118041992e-01
6.803053617477416992e-01
6.585374474525451660e-01
6.373303532600402832e-01
6.206721067428588867e-01
6.107594966888427734e-01
6.085418462753295898e-01
6.123362183570861816e-01
6.187878847122192383e-01
6.234830021858215332e-01
6.231971979141235352e-01
6.158230900764465332e-01
6.009961366653442383e-01
5.795913934707641602e-01
5.560083985328674316e-01
5.357640385627746582e-01
5.253056883811950684e-01
5.279098749160766602e-01
5.445805788040161133e-01
5.730499029159545898e-01
6.102264523506164551e-01
6.507726311683654785e-01
6.881627440452575684e-01
7.169835567474365234e-01
7.343338131904602051e-01
7.401560544967651367e-01
7.335205078125000000e-01
7.152354121208190918e-01
6.888473629951477051e-01
6.604797244071960449e-01
6.360534429550170898e-01
6.196212768554687500e-01
6.147613525390625000e-01
6.231516599655151367e-01
6.434560418128967285e-01
6.713338494300842285e-01
7.010935544967651367e-01
7.281636595726013184e-01
7.486572265625000000e-01
7.601196169853210449e-01
7.597849369049072266e-01
7.458750605583190918e-01
7.175486087799072266e-01
6.773111820220947266e-01
6.301401853561401367e-01
5.826456546783447266e-01
5.416137576103210449e-01
5.130523443222045898e-01
5.015848875045776367e-01
5.075591802597045898e-01
5.283660888671875000e-01
5.582783818244934082e-01
5.921213626861572266e-01
6.234385371208190918e-01
6.467366814613342285e-01
6.581512689590454102e-01
6.574890017509460449e-01
6.458109617233276367e-01
6.238728761672973633e-01
5.922088623046875000e-01
5.538553595542907715e-01
5.126250982284545898e-01
4.715342223644256592e-01
4.319529235363006592e-01
3.959269225597381592e-01
3.668314516544342041e-01
3.469492495059967041e-01
3.367401063442230225e-01
3.353596925735473633e-01
3.414530456066131592e-01
3.533549010753631592e-01
3.680491149425506592e-01
3.822001218795776367e-01
3.923838436603546143e-01
3.959442079067230225e-01
3.923421204090118408e-01
3.826161623001098633e-01
3.695088624954223633e-01
3.566528260707855225e-01
3.475474119186401367e-01
3.464121520519256592e-01
3.548116087913513184e-01
3.739685118198394775e-01
4.019205868244171143e-01
4.359782040119171143e-01
4.721069335937500000e-01
5.060262084007263184e-01
5.345418453216552734e-01
5.552530884742736816e-01
5.682515501976013184e-01
5.740641355514526367e-01
5.734680294990539551e-01
5.602009892463684082e-01
5.109375119209289551e-01
3.952799439430236816e-01
1.916605681180953979e-01
-8.830566704273223877e-02
-4.188130795955657959e-01
-7.736938595771789551e-01
-1.127093553543090820e+00
-1.447186231613159180e+00
-1.701901197433471680e+00
-1.887134790420532227e+00
-2.023904323577880859e+00
-2.139260768890380859e+00
-2.249003171920776367e+00
-2.356990575790405273e+00
-2.463684082031250000e+00
-2.566205739974975586e+00
-2.659362792968750000e+00
-2.738719701766967773e+00
-2.805021047592163086e+00
-2.861897706985473633e+00
-2.912197828292846680e+00
-2.954437732696533203e+00
-2.986913442611694336e+00
-3.007812261581420898e+00
-3.015101432800292969e+00
-2.996400356292724609e+00
