1.223036
1.229166
1.228555
1.222269
1.211213
1.200338
1.190441
1.181861
1.174453
1.165777
1.151753
1.128578
1.094627
1.052661
1.007648
0.966411
0.931983
0.906947
0.889834
0.880541
0.874310
0.867303
0.855071
0.838197
0.818827
0.799419
0.781068
0.763123
0.745200
0.728260
0.713502
0.702335
0.693283
0.685168
0.677299
0.670710
0.666907
0.665554
0.666078
0.668427
0.671598
0.672707
0.668679
0.661592
0.655402
0.653909
0.658175
0.670272
0.692175
0.720575
0.748623
0.769765
0.783195
0.790228
0.791834
0.790905
0.791649
0.798616
0.811767
0.828675
0.846590
0.863763
0.878401
0.888885
0.895189
0.899887
0.905129
0.912455
0.921771
0.932839
0.945274
0.957470
0.968193
0.977177
0.985724
0.997562
1.019008
1.057759
1.114665
1.182361
1.251423
1.317261
1.375719
1.421943
1.450515
1.465126
1.471510
1.474880
1.475226
1.472983
1.468736
1.463853
1.458173
1.452970
1.449387
1.447901
1.447476
1.446441
1.444450
1.440124
1.430078
1.409508
1.376887
1.335588
1.291913
1.251277
1.216281
1.189076
1.171266
1.162959
1.161366
1.161711
1.162003
1.162826
1.165878
1.171266
1.176256
1.179839
1.181750
1.183024
1.183555
1.181936
1.178804
1.175964
1.176070
1.177928
1.178937
1.176522
1.172089
1.165454
1.157358
1.146954
1.137691
1.133125
1.134320
1.138168
1.140796
1.141406
1.140636
1.138248
1.133497
1.128985
1.126808
1.128321
1.129993
1.130630
1.129914
1.127843
1.123809
1.117280
1.110697
1.107857
1.109450
1.113989
1.117598
1.121340
1.126331
1.131957
1.134558
1.132727
1.129436
1.128454
1.130816
1.134983
1.139814
1.144910
1.150723
1.155765
1.158579
1.157225
1.151970
1.143158
1.131161
1.117200
1.102708
1.089065
1.075980
1.064222
1.055888
1.051084
1.047925
1.043864
1.039219
1.035451
1.033831
1.034362
1.036326
1.037786
1.038131
1.037574
1.036061
1.032610
1.027673
1.024356
1.025869
1.031469
1.037627
1.041635
1.042325
1.040148
1.033964
1.024887
1.014058
1.004662
0.997681
0.992824
0.988392
0.982128
0.974112
0.964557
0.956169
0.949746
0.946296
0.944703
0.944332
0.943854
0.941306
0.936687
0.931539
0.929999
0.931645
0.935732
0.941040
0.948844
0.957603
0.964769
0.968485
0.970184
0.971298
0.972625
0.972413
0.970555
0.968113
0.967105
0.968485
0.972201
0.978571
0.988392
1.000813
1.014403
1.026718
1.037441
1.046571
1.053897
1.058781
1.061170
1.062497
1.063877
1.065363
1.065894
1.065257
1.065151
1.066266
1.068973
1.072158
1.075609
1.079112
1.082403
1.085960
1.088773
1.091322
1.093126
1.096099
1.100823
1.107725
1.115793
1.123544
1.130975
1.138460
1.147007
1.156403
1.165321
1.173655
1.180874
1.185917
1.186661
1.182573
1.175938
1.169674
1.165745
1.165268
1.168612
1.175460
1.184378
1.192765
1.199507
1.202586
1.199454
1.171478
1.091268
0.930423
0.689846
0.389975
0.057615
-0.284831
-0.607211
-0.877940
-1.079978
-1.226915
-1.341257
-1.441481
-1.534696
-1.622073
-1.696231
-1.737531
-1.724737
-1.649198
-1.519089
-1.352883
-1.171229
-1.002793
-0.885531
-0.861908
-0.956823
-1.162576
-1.444188
-1.754411
-2.049506
-2.281961
-2.409469
-2.413291
-2.314183
-2.161035
-2.008047
-1.903895
-1.885529
-1.965951
-2.127274
-2.331647
-2.541860
-2.729566
-2.875282
-2.968869
-3.013938
-3.025457
-3.017335
-2.998755
-2.971045
-2.937337
-2.897365
-2.851022
-2.796134
-2.731637
-2.655354
-2.553115
-2.397897
-2.167883
-1.866206
-1.527848
-1.188004
-0.873374
-0.606361
-0.410959
-0.300278
-0.255528
-0.244700
-0.241249
-0.236949
-0.232172
-0.227924
-0.224474
-0.220705
-0.215715
-0.210566
-0.208974
-0.213698
-0.224739
-0.239550
-0.256802
-0.276709
-0.299376
-0.323370
-0.346249
-0.366633
-0.384894
-0.399864
-0.409526
-0.409897
-0.400713
-0.383674
-0.362759
-0.340092
-0.316257
-0.291891
-0.268587
-0.248097
-0.230154
-0.214866
-0.203559
-0.198145
-0.197932
-0.200374
-0.204303
-0.210566
-0.219909
-0.229783
-0.237851
-0.243584
-0.248893
-0.254201
-0.257917
-0.258661
-0.257917
-0.257917
-0.258129
-0.256325
-0.251335
-0.244009
-0.235197
-0.225323
-0.215980
-0.207912
-0.201967
-0.198145
-0.196977
-0.198145
-0.201648
-0.207488
-0.215980
-0.227553
-0.243903
-0.266199
-0.293165
-0.322043
-0.351133
-0.380435
-0.408676
-0.433732
-0.454222
-0.471315
-0.484692
-0.492974
-0.492337
-0.482356
-0.463565
-0.438934
-0.411012
-0.383090
-0.357185
-0.334358
-0.313761
-0.292846
-0.270233
-0.245389
-0.221501
-0.200374
-0.185086
-0.177548
-0.178397
-0.184555
-0.191137
-0.193792
-0.191880
-0.185192
-0.174575
-0.159181
-0.139858
-0.117987
-0.095692
-0.072866
-0.048235
-0.021905
0.002938
0.020987
0.028525
0.025446
0.013661
-0.003326
-0.024241
-0.044095
-0.059171
-0.064797
-0.062993
-0.057578
-0.052163
-0.049934
-0.051101
-0.056835
-0.065753
-0.078599
-0.095480
-0.115121
-0.136354
-0.158544
-0.182432
-0.205895
-0.227553
-0.247194
-0.266835
-0.285202
-0.300384
-0.309303
-0.311744
-0.306436
-0.293696
-0.275754
-0.256218
-0.237958
-0.222245
-0.210885
-0.206213
-0.207912
-0.215131
-0.227128
-0.244646
-0.266092
-0.287856
-0.308029
-0.326820
-0.345612
-0.363236
-0.378524
-0.390840
-0.402093
-0.411861
-0.417382
-0.414516
-0.402625
-0.383832
-0.361112
-0.334677
-0.305693
-0.276391
-0.251441
-0.232118
-0.217785
-0.206213
-0.198250
-0.195384
-0.198250
-0.206001
-0.218104
-0.234878
-0.257386
-0.284990
-0.318114
-0.356017
-0.396254
-0.436811
-0.473651
-0.503059
-0.520471
-0.525992
-0.523762
-0.515906
-0.504121
-0.489364
-0.476305
-0.466431
-0.458575
-0.450612
-0.442013
-0.432776
-0.422796
-0.412604
-0.402943
-0.393175
-0.382771
-0.374171
-0.368863
-0.365360
-0.360476
-0.352937
-0.344975
-0.337649
-0.332766
-0.336270
-0.351133
-0.376507
-0.401988
-0.424601
-0.444561
-0.460486
-0.467175
-0.461866
-0.453479
-0.450825
-0.457088
-0.467918
-0.481083
-0.496052
-0.512509
-0.526629
-0.534379
-0.534592
-0.528009
-0.517392
-0.505502
-0.494460
-0.485436
-0.478641
-0.473757
-0.471740
-0.472059
-0.474925
-0.479171
-0.484374
-0.490531
-0.499132
-0.511341
-0.528222
-0.548924
-0.572069
-0.593940
-0.610502
-0.617721
-0.615067
-0.602964
-0.583748
-0.558373
-0.524081
-0.483524
-0.440845
-0.409313
-0.390097
-0.381497
-0.375870
-0.371623
-0.368650
-0.366528
-0.366952
-0.370562
-0.379586
-0.392751
-0.408676
-0.425557
-0.441694
-0.454966
-0.462504
-0.462609
-0.456558
-0.446154
-0.432139
-0.415577
-0.397210
-0.379798
-0.363555
-0.349752
-0.338711
-0.330218
-0.324484
-0.321194
-0.320344
-0.321830
-0.325652
-0.333721
-0.346037
-0.361325
-0.376720
-0.390840
-0.402625
-0.411967
-0.418550
-0.424071
-0.429379
-0.435643
-0.443074
-0.451674
-0.458681
-0.460699
-0.456558
-0.447427
-0.436173
-0.424813
-0.415365
-0.409526
-0.408145
-0.409738
-0.411755
-0.411543
-0.408995
-0.404323
-0.397422
-0.388080
-0.376825
-0.364085
-0.349965
-0.334571
-0.319707
-0.307391
-0.297730
-0.287856
-0.275541
-0.261102
-0.247513
-0.235728
-0.224368
-0.213114
-0.204408
-0.201754
-0.204090
-0.207275
-0.208761
-0.210142
-0.214282
-0.220440
-0.226067
-0.229995
-0.232330
-0.233817
-0.232649
-0.226916
-0.215768
-0.199843
-0.181370
-0.161941
-0.143361
-0.128498
-0.118837
-0.115546
-0.115334
-0.116288
-0.117138
-0.118200
-0.119261
-0.120429
-0.122658
-0.127649
-0.136567
-0.149944
-0.167568
-0.187209
-0.207593
-0.227978
-0.248150
-0.267260
-0.281805
-0.289555
-0.290405
-0.286370
-0.278832
-0.268109
-0.255051
-0.242417
-0.232756
-0.227765
-0.226916
-0.229571
-0.234560
-0.240824
-0.246982
-0.253883
-0.262270
-0.273099
-0.285839
-0.300703
-0.317902
-0.335951
-0.351451
-0.360794
-0.363555
-0.359520
-0.349116
-0.331704
-0.308984
-0.283291
-0.257811
-0.235091
-0.215980
-0.200905
-0.189226
-0.182856
-0.180096
-0.181795
-0.186678
-0.194747
-0.204939
-0.215980
-0.227447
-0.239338
-0.253989
-0.274161
-0.300915
-0.329156
-0.354637
-0.373747
-0.386487
-0.389672
-0.381391
-0.365041
-0.346780
-0.330854
-0.317265
-0.307498
-0.302401
-0.301128
-0.301128
-0.307922
-0.346567
-0.449551
-0.640016
-0.908835
-1.232223
-1.586613
-1.946311
-2.277342
-2.541914
-2.729194
-2.855959
-2.946415
-3.014787
-3.065960
-3.104393
-3.131572
-3.148559
-3.157265
-3.165333
-3.175525
-3.186142
-3.195485
-3.201643
-3.196971
-3.171279
-3.123503
