-1.868057
-1.820495
-1.778431
-1.752456
-1.751520
-1.777094
-1.819704
-1.868895
-1.916045
-1.952143
-1.965570
-1.950640
-1.913411
-1.868166
-1.823744
-1.785209
-1.758621
-1.753852
-1.773516
-1.806474
-1.838556
-1.862949
-1.881389
-1.892679
-1.891103
-1.874596
-1.850612
-1.828006
-1.810694
-1.794363
-1.774074
-1.743957
-1.703188
-1.656331
-1.612501
-1.578671
-1.562094
-1.571420
-1.613407
-1.681157
-1.757981
-1.827493
-1.879662
-1.906452
-1.902302
-1.870356
-1.824905
-1.781155
-1.749501
-1.735330
-1.740527
-1.763248
-1.795526
-1.828530
-1.854937
-1.868221
-1.863407
-1.838914
-1.799052
-1.752290
-1.705661
-1.667097
-1.643792
-1.641748
-1.660571
-1.692316
-1.725420
-1.749450
-1.759260
-1.754385
-1.734444
-1.698893
-1.650127
-1.595118
-1.537812
-1.472369
-1.389079
-1.284841
-1.167188
-1.044681
-0.926404
-0.827766
-0.777147
-0.799808
-0.901346
-1.061883
-1.251807
-1.440181
-1.595158
-1.686706
-1.700161
-1.646844
-1.555598
-1.459659
-1.387690
-1.363397
-1.395565
-1.476095
-1.583516
-1.696878
-1.798780
-1.872018
-1.901708
-1.881928
-1.818560
-1.724272
-1.611897
-1.498031
-1.406382
-1.359893
-1.370689
-1.430593
-1.521335
-1.617335
-1.687855
-1.699799
-1.637982
-1.514487
-1.361222
-1.202821
-1.064099
-0.975894
-0.970778
-1.053524
-1.195126
-1.359893
-1.524458
-1.672466
-1.782685
-1.836527
-1.835580
-1.800592
-1.754486
-1.712449
-1.681953
-1.665153
-1.658305
-1.653753
-1.649000
-1.646421
-1.644085
-1.634738
-1.611373
-1.576486
-1.538698
-1.505786
-1.485119
-1.485079
-1.515494
-1.579830
-1.669585
-1.766149
-1.850022
-1.909121
-1.941389
-1.952588
-1.950050
-1.940060
-1.923382
-1.902715
-1.883701
-1.875563
-1.881284
-1.897559
-1.920925
-1.950695
-1.984494
-2.014265
-2.032675
-2.039443
-2.040289
-2.039242
-2.036422
-2.029775
-2.019744
-2.007981
-1.995895
-1.983003
-1.968783
-1.952548
-1.933735
-1.911175
-1.883902
-1.851553
-1.813604
-1.770621
-1.721835
-1.665597
-1.594856
-1.493257
-1.343235
-1.138103
-0.894659
-0.638969
-0.392665
-0.172507
0.002532
0.117103
0.173422
0.193242
0.198197
0.200614
0.202467
0.204280
0.206657
0.210001
0.214674
0.220717
0.227364
0.233648
0.238603
0.242672
0.246056
0.248755
0.250245
0.250286
0.249480
0.248553
0.248191
0.248473
0.248916
0.249762
0.251011
0.252864
0.254194
0.254395
0.253348
0.252220
0.251777
0.252703
0.255120
0.259632
0.266158
0.273933
0.281829
0.288114
0.291618
0.291256
0.287549
0.281749
0.274578
0.266803
0.258786
0.252099
0.247184
0.243880
0.241866
0.240859
0.240336
0.238966
0.236065
0.232319
0.228411
0.224785
0.220918
0.216527
0.211773
0.206295
0.199970
0.192356
0.183735
0.174630
0.165365
0.156502
0.148445
0.141556
0.135030
0.128423
0.121253
0.114122
0.106589
0.098330
0.089588
0.081330
0.074239
0.067351
0.059052
0.048739
0.037016
0.025132
0.014054
0.004143
-0.004921
-0.013139
-0.020068
-0.024660
-0.027682
-0.029575
-0.030019
-0.027561
-0.022485
-0.016039
-0.009432
-0.001618
0.008212
0.020217
0.033673
0.047853
0.062678
0.077342
0.091200
0.103447
0.114243
0.124072
0.132291
0.137689
0.139945
0.140348
0.139381
0.137125
0.133902
0.131646
0.131243
0.132613
0.135675
0.140590
0.147680
0.155334
0.162424
0.167580
0.170562
0.170965
0.170158
0.168870
0.168386
0.167258
0.165646
0.162907
0.159765
0.155737
0.150983
0.145746
0.140751
0.136158
0.132210
0.129390
0.128181
0.127779
0.127295
0.127376
0.128987
0.132854
0.137125
0.140912
0.143812
0.146229
0.148163
0.148163
0.146068
0.141959
0.137527
0.132774
0.127134
0.119802
0.110215
0.098773
0.085560
0.071541
0.058247
0.045758
0.033995
0.021667
0.009179
-0.002745
-0.013461
-0.022082
-0.028769
-0.033120
-0.035376
-0.036101
-0.036101
-0.036746
-0.038116
-0.040452
-0.042225
-0.043272
-0.043031
-0.042225
-0.041419
-0.041017
-0.041822
-0.042950
-0.044481
-0.045931
-0.046334
-0.044722
-0.039324
-0.030462
-0.018456
-0.005243
0.008212
0.020781
0.032222
0.041649
0.049303
0.055991
0.063081
0.071702
0.082820
0.096275
0.111584
0.127859
0.145585
0.164277
0.182969
0.199809
0.214392
0.227203
0.237999
0.246620
0.252501
0.256772
0.260398
0.263459
0.264910
0.263620
0.260800
0.257819
0.255563
0.253146
0.249843
0.246217
0.242994
0.239852
0.236468
0.232842
0.231473
0.232923
0.236388
0.240013
0.242994
0.245975
0.249037
0.251777
0.253388
0.253307
0.250971
0.245734
0.236951
0.224543
0.209961
0.194813
0.181277
0.170320
0.162827
0.158879
0.157429
0.157509
0.157670
0.157670
0.157187
0.155334
0.151144
0.144376
0.136319
0.128262
0.119963
0.111020
0.101432
0.092570
0.084996
0.078228
0.071621
0.065900
0.061550
0.058247
0.055749
0.055104
0.057602
0.063483
0.072991
0.086043
0.102238
0.119319
0.135836
0.150097
0.161054
0.167258
0.168789
0.167661
0.166936
0.168547
0.172818
0.178135
0.180874
0.180069
0.176362
0.175799
0.180149
0.190060
0.205207
0.226638
0.252824
0.276995
0.292948
0.300682
0.302777
0.303100
0.301891
0.300602
0.298910
0.296735
0.293109
0.287388
0.279090
0.268858
0.257094
0.244686
0.231715
0.218662
0.206576
0.195619
0.186112
0.177330
0.169836
0.163229
0.157509
0.151789
0.147035
0.143248
0.141314
0.140428
0.139703
0.136883
0.130760
0.122300
0.113115
0.104655
0.097323
0.093214
0.093536
0.098048
0.104252
0.110053
0.114565
0.117949
0.120689
0.123186
0.124878
0.125764
0.125845
0.125603
0.125523
0.125523
0.126489
0.127295
0.127295
0.126570
0.125845
0.125845
0.126812
0.129954
0.136319
0.145826
0.158154
0.171770
0.185306
0.196828
0.206496
0.214392
0.220757
0.224947
0.226880
0.227364
0.227364
0.226799
0.225188
0.222771
0.221563
0.221563
0.222126
0.221402
0.220273
0.218904
0.217373
0.214070
0.208591
0.201259
0.193605
0.187481
0.183533
0.182325
0.181680
0.179666
0.174348
0.166372
0.156784
0.147196
0.139381
0.136722
0.140992
0.149855
0.158798
0.164197
0.166453
0.166533
0.163310
0.156381
0.146552
0.136641
0.127940
0.120124
0.113517
0.109650
0.108683
0.109892
0.110859
0.110698
0.107394
0.098370
0.078953
0.050673
0.019734
-0.002181
-0.014025
-0.022565
-0.037229
-0.060192
-0.085169
-0.107809
-0.122795
-0.129724
-0.125615
-0.113530
-0.095804
-0.076306
-0.055116
-0.036021
-0.023049
-0.017248
-0.013381
-0.005565
0.005876
0.016994
0.026663
0.033350
0.036170
0.029805
0.016592
0.000236
-0.013300
-0.023774
-0.031428
-0.037552
-0.041902
-0.046253
-0.052377
-0.060273
-0.067363
-0.071230
-0.072197
-0.070263
-0.066235
-0.059306
-0.051571
-0.044481
-0.043031
-0.049799
-0.065429
-0.085410
-0.107970
-0.132142
-0.156474
-0.176455
-0.188057
-0.191763
-0.188379
-0.179517
-0.165014
-0.146161
-0.125212
-0.104425
-0.087989
-0.077515
-0.074614
-0.076870
-0.083960
-0.095079
-0.110871
-0.126985
-0.138748
-0.141649
-0.137459
-0.127629
-0.114738
-0.097657
-0.077837
-0.055599
-0.034490
-0.016281
-0.001779
0.010629
0.019170
0.022070
0.017880
0.011435
0.007407
0.008373
0.013530
0.020620
0.028838
0.037378
0.045114
0.052526
0.059294
0.065256
0.069768
0.074119
0.079437
0.086366
0.093778
0.102640
0.112954
0.125039
0.137769
0.149694
0.159685
0.167580
0.174509
0.182244
0.190785
0.199648
0.208671
0.218501
0.229459
0.240416
0.251696
0.264104
0.278606
0.292626
0.302938
0.305517
0.302455
0.295043
0.287147
0.278445
0.271516
0.267649
0.267327
0.266682
0.263298
0.256047
0.246862
0.236871
0.226558
0.217051
0.208027
0.199809
0.192557
0.187239
0.184661
0.183856
0.185145
0.187562
0.190785
0.193524
0.198842
0.209638
0.228975
0.254596
0.284085
0.314863
0.345158
0.372068
0.392533
0.406230
0.415254
0.421216
0.424922
0.426533
0.427984
0.429112
0.430401
0.430562
0.430562
0.429434
0.427017
0.422666
0.417188
0.404779
0.367073
0.279412
0.128262
-0.076709
-0.317131
-0.574956
-0.830364
-1.056445
-1.229671
-1.349882
-1.432869
-1.497326
-1.552113
-1.600133
-1.644447
-1.685377
-1.723728
-1.757407
-1.787540
-1.814129
-1.837655
-1.857798
-1.873911
-1.887609
-1.899372
-1.909524
-1.915969
-1.918709
-1.917580
-1.915163
-1.911457
-1.908073
-1.906301
-1.908718
-1.914519
-1.918870
-1.913391
-1.894377
-1.861504
-1.821380
-1.779805
-1.744032
-1.715188
-1.690695
-1.663139
-1.626077
-1.578218
-1.525686
-1.476055
-1.427874
-1.369219
-1.288648
-1.185680
-1.068208
-0.950575
-0.854697
-0.810705
-0.839066
-0.936072
-1.070464
-1.201954
-1.294772
-1.327966
-1.295255
-1.205822
-1.077232
-0.927854
-0.761557
-0.565610
-0.324704
-0.039646
0.265071
0.563986
0.837603
1.069807
1.240939
1.340846
1.383710
1.396923
1.401918
1.406269
1.411103
1.416904
1.423995
1.431407
1.438497
1.443170
1.443009
1.437853
1.431246
1.425606
1.422706
1.419644
1.418032
1.416099
1.414004
1.409331
1.401596
1.392089
1.382420
1.374524
1.369046
1.365662
1.364051
1.363406
1.363406
1.363406
1.363084
1.361311
1.357283
1.349709
1.338107
1.324087
1.310068
1.297822
1.284930
1.268977
1.248674
1.226275
1.203876
1.183089
1.165525
1.153762
1.150055
1.151667
1.154245
1.153439
1.149411
1.142482
1.133780
1.125240
1.117827
1.113960
1.112671
1.114927
1.118150
1.120728
1.121372
1.119761
1.118472
1.118311
1.118311
1.117505
1.116055
1.116055
1.116538
1.116861
1.116377
1.114766
1.111382
1.105742
1.097363
1.085277
1.071258
1.057077
1.046442
1.039191
1.035968
1.034679
1.035323
1.037740
1.042897
1.052243
1.068357
1.093173
1.123306
1.150861
1.169231
1.175838
1.172293
1.159402
1.141515
1.124756
1.116699
1.116699
1.119278
1.118311
1.114443
1.110092
1.105420
1.100747
1.096073
1.094462
1.095106
1.096073
1.094140
1.089789
1.085599
1.084310
1.085599
1.088822
1.092689
1.098813
1.108803
1.122823
1.140065
1.158918
1.179061
1.198236
1.215479
1.231432
1.248190
1.266882
1.286703
1.307812
1.328922
1.349709
1.366629
1.378714
1.384838
1.387738
1.389349
1.390477
1.389994
1.388705
1.384999
1.378714
1.369368
1.362439
1.360667
1.361956
1.365017
1.371624
1.383226
1.396117
1.404174
1.408686
1.410298
1.411748
1.411748
1.411265
1.408525
1.401757
1.388060
1.366145
1.336334
1.302656
1.270750
1.245451
1.227725
1.217251
1.211450
1.209033
1.206777
1.202587
1.194691
1.183250
1.171165
1.161658
1.156984
1.155534
1.155534
1.154728
1.154890
1.156501
1.158918
1.159402
1.156662
1.151667
1.144738
1.136520
1.126529
1.115571
1.105581
1.100424
1.101552
1.107031
1.112671
1.117827
1.124595
1.136036
1.149572
1.161335
1.166975
1.167620
1.164236
1.158112
1.147155
1.134264
1.122984
1.118633
1.121534
1.130235
1.141999
1.154245
1.166975
1.179544
1.190502
1.196786
1.197914
1.196303
1.195980
1.199848
1.207905
1.218862
1.229015
1.235460
1.237233
1.234010
1.225792
1.212095
1.195819
1.180350
1.166653
1.153600
1.140065
1.126368
1.113960
1.102680
1.093173
1.087855
1.090917
1.103969
1.122017
1.136842
1.143449
1.141354
1.131685
1.114282
1.093817
1.077865
1.073030
1.077220
1.084955
1.091884
1.095429
1.094945
1.089466
1.082699
1.076898
1.073675
1.069646
1.063201
1.053371
1.041447
1.028555
1.015342
1.004223
0.996166
0.992460
0.991493
0.993427
0.998583
1.009057
1.025655
1.045314
1.061912
1.070130
1.070130
1.064167
1.054821
1.041608
1.027750
1.015181
1.008413
1.005996
1.006962
1.006962
1.007285
1.008896
1.014053
1.020337
