-1.948365
-1.933142
-1.920797
-1.916549
-1.923423
-1.942095
-1.965612
-1.988405
-2.004280
-2.006006
-1.982007
-1.924985
-1.837938
-1.733887
-1.627003
-1.532815
-1.469685
-1.454847
-1.493537
-1.572554
-1.671092
-1.770462
-1.858016
-1.923613
-1.960488
-1.970500
-1.963321
-1.944222
-1.906865
-1.832691
-1.708233
-1.531710
-1.314909
-1.075719
-0.839234
-0.637741
-0.510057
-0.485116
-0.571544
-0.748804
-0.981011
-1.231246
-1.468675
-1.665694
-1.800773
-1.870049
-1.891882
-1.890967
-1.885056
-1.881526
-1.883414
-1.889856
-1.895442
-1.895599
-1.890229
-1.880827
-1.866095
-1.842078
-1.807746
-1.765987
-1.722420
-1.682835
-1.653272
-1.638058
-1.638795
-1.652200
-1.672214
-1.692021
-1.707658
-1.718083
-1.723157
-1.722922
-1.717768
-1.706557
-1.680613
-1.625735
-1.531440
-1.399871
-1.242772
-1.074874
-0.914824
-0.788979
-0.729440
-0.756958
-0.869623
-1.043010
-1.244758
-1.442416
-1.600519
-1.688343
-1.694519
-1.637084
-1.548375
-1.455162
-1.381422
-1.352389
-1.384568
-1.471252
-1.585000
-1.703036
-1.806713
-1.875005
-1.881280
-1.811768
-1.676305
-1.498670
-1.307229
-1.132427
-1.010968
-0.970862
-1.018265
-1.131699
-1.278412
-1.423396
-1.531165
-1.569185
-1.523965
-1.409667
-1.258861
-1.101270
-0.965217
-0.881976
-0.880580
-0.967302
-1.119484
-1.303904
-1.493517
-1.669204
-1.813283
-1.911964
-1.964697
-1.985075
-1.990681
-1.992904
-1.993592
-1.987081
-1.965287
-1.923117
-1.864109
-1.798649
-1.734291
-1.670129
-1.602191
-1.530594
-1.462380
-1.400186
-1.347393
-1.314388
-1.320525
-1.379179
-1.483033
-1.610727
-1.739640
-1.852503
-1.936846
-1.985154
-2.000220
-1.993179
-1.977207
-1.961000
-1.950496
-1.948293
-1.956830
-1.974139
-1.997900
-2.023115
-2.045696
-2.061117
-2.068945
-2.071148
-2.071778
-2.072053
-2.071187
-2.066703
-2.058324
-2.046916
-2.034642
-2.021110
-2.005925
-1.988104
-1.968278
-1.944989
-1.916743
-1.882283
-1.842983
-1.800301
-1.753527
-1.700144
-1.633347
-1.538029
-1.397471
-1.204672
-0.975563
-0.734495
-0.502435
-0.295906
-0.133359
-0.028875
0.020770
0.036388
0.037725
0.035995
0.033398
0.030960
0.030015
0.031235
0.035601
0.043036
0.053304
0.064122
0.072777
0.076553
0.075255
0.070298
0.062903
0.054956
0.047718
0.043233
0.040833
0.040086
0.040007
0.040401
0.040479
0.039732
0.038552
0.038041
0.037923
0.037372
0.035877
0.035129
0.037529
0.043705
0.052360
0.060699
0.066915
0.069747
0.068764
0.063217
0.053619
0.042446
0.033123
0.027851
0.025452
0.023210
0.019158
0.013139
0.005546
-0.003423
-0.014084
-0.025295
-0.035327
-0.042250
-0.046499
-0.050629
-0.056766
-0.065184
-0.074783
-0.085798
-0.097954
-0.109401
-0.117269
-0.120377
-0.120534
-0.119511
-0.119433
-0.121321
-0.126160
-0.133201
-0.141266
-0.149409
-0.158182
-0.168291
-0.180801
-0.195474
-0.211249
-0.226946
-0.241108
-0.252712
-0.260383
-0.264908
-0.268409
-0.272932
-0.279384
-0.286662
-0.294569
-0.300903
-0.305505
-0.307630
-0.308534
-0.308259
-0.306646
-0.303696
-0.299998
-0.294569
-0.286465
-0.274271
-0.259715
-0.244530
-0.230211
-0.217072
-0.205270
-0.195435
-0.187725
-0.180408
-0.172934
-0.165223
-0.159086
-0.154366
-0.150274
-0.146419
-0.143587
-0.141541
-0.139968
-0.137529
-0.134539
-0.130526
-0.125570
-0.118961
-0.111250
-0.102517
-0.093390
-0.083634
-0.072856
-0.061526
-0.049331
-0.037372
-0.025256
-0.013454
-0.001731
0.009205
0.019040
0.028324
0.036663
0.043587
0.048229
0.051140
0.052871
0.053815
0.054917
0.056805
0.059637
0.061919
0.062391
0.061132
0.059008
0.055861
0.050590
0.043272
0.034932
0.025491
0.014477
0.002990
-0.007003
-0.014084
-0.018647
-0.019434
-0.015657
-0.007868
0.001337
0.009520
0.016286
0.022187
0.027379
0.031864
0.035326
0.038788
0.042801
0.047049
0.050825
0.053815
0.056491
0.059637
0.063414
0.067899
0.072147
0.075373
0.076396
0.074586
0.070023
0.064201
0.059401
0.056884
0.056648
0.057671
0.059480
0.061447
0.063414
0.064752
0.066010
0.068056
0.072305
0.078598
0.085286
0.090479
0.093076
0.093154
0.091187
0.088433
0.086388
0.086939
0.090558
0.096144
0.101651
0.105585
0.106844
0.104877
0.099212
0.090873
0.081667
0.072540
0.063493
0.053737
0.044532
0.036585
0.029976
0.022973
0.014949
0.006451
-0.001495
-0.009127
-0.016916
-0.024862
-0.031864
-0.037765
-0.043351
-0.049489
-0.055861
-0.060818
-0.063336
-0.062942
-0.060110
-0.053658
-0.043430
-0.029898
-0.017388
-0.009206
-0.007554
-0.011172
-0.019355
-0.031392
-0.046892
-0.064280
-0.080724
-0.094177
-0.103854
-0.111565
-0.117859
-0.121872
-0.122108
-0.119590
-0.117151
-0.116207
-0.116915
-0.116443
-0.114161
-0.109283
-0.103854
-0.098033
-0.090715
-0.080959
-0.069079
-0.056884
-0.044296
-0.030370
-0.015106
-0.000079
0.012903
0.024311
0.035641
0.047679
0.061290
0.076946
0.094728
0.111879
0.125805
0.134774
0.138945
0.136977
0.129188
0.117623
0.106372
0.097639
0.091108
0.085837
0.078992
0.070653
0.061132
0.056175
0.056726
0.063493
0.075609
0.093076
0.113138
0.129582
0.138472
0.140518
0.137686
0.131785
0.123917
0.115341
0.106529
0.096065
0.083870
0.069630
0.053658
0.036034
0.017938
0.000944
-0.014713
-0.029740
-0.044532
-0.058222
-0.070260
-0.081431
-0.093076
-0.104248
-0.113296
-0.119511
-0.123760
-0.126435
-0.126986
-0.124625
-0.121242
-0.117623
-0.114398
-0.109834
-0.104956
-0.101258
-0.099448
-0.096852
-0.092604
-0.087726
-0.083871
-0.079386
-0.072384
-0.062785
-0.052400
-0.042014
-0.032022
-0.021951
-0.012353
-0.002990
0.005744
0.014162
0.021951
0.028639
0.032887
0.034460
0.033202
0.030527
0.027694
0.027065
0.029268
0.033359
0.038473
0.045239
0.054130
0.064043
0.073249
0.082218
0.091187
0.099606
0.106215
0.111958
0.118095
0.125097
0.132099
0.139180
0.146261
0.152713
0.156568
0.157434
0.156096
0.154208
0.151927
0.149724
0.147599
0.146498
0.145947
0.146970
0.149645
0.155073
0.161446
0.167819
0.173012
0.178205
0.183712
0.189141
0.194884
0.202201
0.212901
0.226277
0.240203
0.252870
0.263884
0.273011
0.279856
0.285049
0.290006
0.295591
0.301256
0.306921
0.313687
0.321477
0.329029
0.334065
0.335324
0.332570
0.326591
0.322185
0.338235
0.377259
0.432569
0.469391
0.483788
0.479225
0.472852
0.466007
0.459084
0.452238
0.445787
0.439178
0.432176
0.425488
0.419745
0.415653
0.412978
0.412192
0.412900
0.414473
0.416283
0.418171
0.421082
0.424702
0.428871
0.432648
0.435087
0.436031
0.434379
0.429580
0.420925
0.408494
0.394175
0.378596
0.363333
0.349092
0.336504
0.326118
0.317779
0.311012
0.305820
0.300784
0.295591
0.289140
0.280957
0.271516
0.260029
0.248070
0.236111
0.226041
0.218802
0.213610
0.211092
0.209676
0.210462
0.212193
0.215970
0.221320
0.228244
0.234538
0.239416
0.241776
0.241776
0.240203
0.238629
0.238629
0.240674
0.244766
0.251060
0.258141
0.265064
0.270572
0.274664
0.277810
0.281115
0.284734
0.288983
0.293074
0.297637
0.302672
0.309124
0.317149
0.325961
0.334144
0.341382
0.347676
0.353184
0.357747
0.361680
0.365772
0.370178
0.374112
0.377888
0.381822
0.386386
0.390477
0.393781
0.397558
0.401963
0.407471
0.413136
0.419587
0.427140
0.435323
0.443505
0.450586
0.457038
0.463490
0.469941
0.476707
0.483631
0.491498
0.499367
0.506762
0.513214
0.519980
0.527061
0.534614
0.542482
0.550192
0.555857
0.556644
0.552080
0.542954
0.531781
0.519665
0.508651
0.499052
0.491814
0.485677
0.478910
0.470256
0.459084
0.446967
0.434221
0.421633
0.409674
0.399446
0.392050
0.387329
0.385284
0.386071
0.388431
0.391421
0.392995
0.392522
0.389690
0.385284
0.380563
0.377102
0.375213
0.374899
0.375528
0.378045
0.383239
0.389218
0.395040
0.399288
0.403380
0.406055
0.406212
0.403852
0.399918
0.395198
0.389218
0.381036
0.371437
0.360894
0.349721
0.331783
0.288196
0.195828
0.042564
-0.162470
-0.399446
-0.652159
-0.899521
-1.117772
-1.283625
-1.396764
-1.472923
-1.530043
-1.577722
-1.619106
-1.656872
-1.692591
-1.725636
-1.754589
-1.780553
-1.804943
-1.829018
-1.851048
-1.869458
-1.884879
-1.898097
-1.909899
-1.916980
-1.919497
-1.916822
-1.912888
-1.907696
-1.903447
-1.899671
-1.898884
-1.900457
-1.903604
-1.899985
-1.884407
-1.854667
-1.818475
-1.780710
-1.744518
-1.710057
-1.679531
-1.650892
-1.616431
-1.572529
-1.524693
-1.480634
-1.435945
-1.378196
-1.299518
-1.204003
-1.101723
-1.007782
-0.944210
-0.934139
-0.986381
-1.087246
-1.204947
-1.304868
-1.356323
-1.342476
-1.262697
-1.132879
-0.974580
-0.804164
-0.622261
-0.415339
-0.168763
0.115105
0.412978
0.700624
0.959788
1.175050
1.329258
1.415174
1.450107
1.458918
1.462223
1.465370
1.467416
1.466943
1.464111
1.460492
1.456558
1.449949
1.439406
1.426031
1.411397
1.396606
1.380241
1.365449
1.355064
1.351445
1.351287
1.350658
1.347196
1.339643
1.327527
1.309588
1.286929
1.261595
1.236733
1.215490
1.199282
1.187481
1.178040
1.169385
1.161517
1.153335
1.144051
1.133036
1.121706
1.111163
1.101408
1.091337
1.080951
1.071667
1.065373
1.064429
1.069307
1.079850
1.092438
1.101250
1.100621
1.089134
1.070723
1.049638
1.028237
1.010141
0.999756
1.000385
1.005893
1.009984
1.007309
0.999913
0.990157
0.980087
0.971747
0.967026
0.966869
0.970016
0.974264
0.978513
0.981031
0.981188
0.979142
0.976625
0.974736
0.972061
0.968442
0.964036
0.962463
0.963407
0.967183
0.971432
0.976310
0.980559
0.984650
0.987640
0.990944
0.996452
1.007781
1.025405
1.045389
1.060338
1.066632
1.064429
1.057505
1.046805
1.036105
1.030912
1.036892
1.050896
1.066632
1.078119
1.084256
1.083626
1.075129
1.062226
1.049795
1.041455
1.038465
1.038780
1.042084
1.045074
1.046333
1.046018
1.043501
1.040354
1.037836
1.038780
1.044760
1.055303
1.071195
1.093540
1.121864
1.154279
1.188897
1.224459
1.257976
1.286457
1.307858
1.323278
1.333349
1.339958
1.344521
1.349399
1.353963
1.358211
1.361358
1.364033
1.364505
1.363246
1.357109
1.346724
1.331303
1.318558
1.311162
1.309588
1.311949
1.320446
1.335552
1.354277
1.368439
1.376936
1.379454
1.380398
1.380398
1.380398
1.380398
1.378510
1.371744
1.356008
1.330517
1.298731
1.267417
1.241768
1.223830
1.214074
1.211871
1.215962
1.218637
1.215175
1.202744
1.187323
1.172060
1.160258
1.151289
1.146568
1.144051
1.142320
1.140746
1.140274
1.142477
1.146883
1.153335
1.160888
1.167497
1.172532
1.173791
1.173161
1.170486
1.169857
1.171588
1.174735
1.176938
1.178354
1.181816
1.189369
1.200226
1.211399
1.219581
1.224302
1.224617
1.220053
1.208409
1.192673
1.175522
1.162933
1.158527
1.166238
1.184963
1.212343
1.245702
1.283782
1.322019
1.354120
1.375206
1.387322
1.394088
1.399281
1.402271
1.403844
1.406204
1.410925
1.419108
1.426031
1.427762
1.421153
1.407306
1.388266
1.364663
1.338856
1.314781
1.297472
1.288031
1.283782
1.282209
1.281264
1.281422
1.282995
1.285041
1.288031
1.289604
1.290548
1.286929
1.275442
1.255615
1.230911
1.205734
1.182445
1.163720
1.152548
1.147040
1.143736
1.138700
1.132249
1.125640
1.119346
1.114783
1.113681
1.117143
1.121864
1.124381
1.123437
1.120290
1.116356
1.111635
1.108960
1.110691
1.119818
1.135396
1.155380
1.175679
1.191100
1.196922
1.192673
1.181344
1.167339
1.151446
1.135554
1.119818
1.107387
1.096529
1.085987
1.075444
1.068205
1.068363
1.074814
1.083941
