-1.499187469482421875e+00
-1.399131059646606445e+00
-1.298377156257629395e+00
-1.220370173454284668e+00
-1.186606287956237793e+00
-1.204732775688171387e+00
-1.267022728919982910e+00
-1.358470201492309570e+00
-1.460593700408935547e+00
-1.552417039871215820e+00
-1.613796949386596680e+00
-1.636198878288269043e+00
-1.627184033393859863e+00
-1.600989818572998047e+00
-1.569611668586730957e+00
-1.541146874427795410e+00
-1.522598743438720703e+00
-1.518798828125000000e+00
-1.529509425163269043e+00
-1.549830079078674316e+00
-1.574060082435607910e+00
-1.597630858421325684e+00
-1.617228150367736816e+00
-1.631433129310607910e+00
-1.640414476394653320e+00
-1.646768212318420410e+00
-1.653954029083251953e+00
-1.663695216178894043e+00
-1.674789428710937500e+00
-1.681994676589965820e+00
-1.679182887077331543e+00
-1.660877466201782227e+00
-1.625994920730590820e+00
-1.576588988304138184e+00
-1.519848585128784180e+00
-1.465564012527465820e+00
-1.426934838294982910e+00
-1.414554834365844727e+00
-1.430788159370422363e+00
-1.469413280487060547e+00
-1.520102977752685547e+00
-1.573232054710388184e+00
-1.620428442955017090e+00
-1.653833031654357910e+00
-1.671547412872314453e+00
-1.676586866378784180e+00
-1.675647020339965820e+00
-1.672001123428344727e+00
-1.666658520698547363e+00
-1.658225536346435547e+00
-1.644634962081909180e+00
-1.622477173805236816e+00
-1.589532494544982910e+00
-1.549774169921875000e+00
-1.513500928878784180e+00
-1.491214990615844727e+00
-1.487146019935607910e+00
-1.498665332794189453e+00
-1.522666454315185547e+00
-1.555902123451232910e+00
-1.591449022293090820e+00
-1.620756030082702637e+00
-1.636547803878784180e+00
-1.637955784797668457e+00
-1.624383568763732910e+00
-1.594104051589965820e+00
-1.548181176185607910e+00
-1.493387818336486816e+00
-1.443412303924560547e+00
-1.409895777702331543e+00
-1.401131153106689453e+00
-1.419458031654357910e+00
-1.462849974632263184e+00
-1.522729516029357910e+00
-1.584004759788513184e+00
-1.629622340202331543e+00
-1.649055957794189453e+00
-1.640677928924560547e+00
-1.610970020294189453e+00
-1.568322777748107910e+00
-1.523022413253784180e+00
-1.486474633216857910e+00
-1.467110157012939453e+00
-1.468880176544189453e+00
-1.489782691001892090e+00
-1.525626659393310547e+00
-1.568933129310607910e+00
-1.610270142555236816e+00
-1.637691259384155273e+00
-1.644018530845642090e+00
-1.626444458961486816e+00
-1.589803099632263184e+00
-1.541125535964965820e+00
-1.489237427711486816e+00
-1.445406079292297363e+00
-1.421651244163513184e+00
-1.423897266387939453e+00
-1.451428174972534180e+00
-1.494641065597534180e+00
-1.545686841011047363e+00
-1.588712573051452637e+00
-1.604366064071655273e+00
-1.570507764816284180e+00
-1.479353785514831543e+00
-1.339514136314392090e+00
-1.170015454292297363e+00
-9.916869997978210449e-01
-8.322225213050842285e-01
-7.290079593658447266e-01
-7.135091423988342285e-01
-7.902913689613342285e-01
-9.331299066543579102e-01
-1.107971191406250000e+00
-1.286543726921081543e+00
-1.446427464485168457e+00
-1.566035985946655273e+00
-1.635123729705810547e+00
-1.661242723464965820e+00
-1.664782762527465820e+00
-1.660087108612060547e+00
-1.646586060523986816e+00
-1.609594702720642090e+00
-1.535384058952331543e+00
-1.419726610183715820e+00
-1.271785497665405273e+00
-1.105045557022094727e+00
-9.424194097518920898e-01
-8.157999515533447266e-01
-7.608520388603210449e-01
-7.933756709098815918e-01
-9.018717408180236816e-01
-1.056962132453918457e+00
-1.229146361351013184e+00
-1.392313599586486816e+00
-1.524702906608581543e+00
-1.612597703933715820e+00
-1.657958984375000000e+00
-1.674446582794189453e+00
-1.678141236305236816e+00
-1.677807569503784180e+00
-1.675073266029357910e+00
-1.669189453125000000e+00
-1.659554004669189453e+00
-1.646272778511047363e+00
-1.627359986305236816e+00
-1.602954149246215820e+00
-1.576700806617736816e+00
-1.555883765220642090e+00
-1.545548558235168457e+00
-1.546671509742736816e+00
-1.556876659393310547e+00
-1.573933959007263184e+00
-1.594873070716857910e+00
-1.616121411323547363e+00
-1.632893919944763184e+00
-1.643155932426452637e+00
-1.647200465202331543e+00
-1.648868799209594727e+00
-1.650594115257263184e+00
-1.653914332389831543e+00
-1.657592773437500000e+00
-1.660286426544189453e+00
-1.662141919136047363e+00
-1.663899779319763184e+00
-1.666756153106689453e+00
-1.670052051544189453e+00
-1.672762036323547363e+00
-1.674837231636047363e+00
-1.676676392555236816e+00
-1.679353833198547363e+00
-1.682535767555236816e+00
-1.685286402702331543e+00
-1.686043262481689453e+00
-1.684065699577331543e+00
-1.680192112922668457e+00
-1.676326513290405273e+00
-1.673323512077331543e+00
-1.671077489852905273e+00
-1.669490575790405273e+00
-1.669401049613952637e+00
-1.670548558235168457e+00
-1.671362280845642090e+00
-1.669742822647094727e+00
-1.665177464485168457e+00
-1.657779932022094727e+00
-1.647444605827331543e+00
-1.633968114852905273e+00
-1.616210937500000000e+00
-1.589135766029357910e+00
-1.532771825790405273e+00
-1.423966526985168457e+00
-1.249633789062500000e+00
-1.027490258216857910e+00
-7.857910394668579102e-01
-5.481607913970947266e-01
-3.321126401424407959e-01
-1.594970673322677612e-01
-5.066731944680213928e-02
-4.166666883975267410e-03
4.361979197710752487e-03
5.289713735692203045e-04
-1.798502635210752487e-03
-1.000976539216935635e-03
3.393554594367742538e-03
1.267903670668601990e-02
2.751464769244194031e-02
4.780273512005805969e-02
7.018229365348815918e-02
9.234212338924407959e-02
1.126546189188957214e-01
1.321695894002914429e-01
1.510009765625000000e-01
1.682698577642440796e-01
1.842447966337203979e-01
2.009277343750000000e-01
2.203531861305236816e-01
2.419677674770355225e-01
2.642903625965118408e-01
2.854085266590118408e-01
3.049723207950592041e-01
3.215820193290710449e-01
3.352864682674407959e-01
3.452392518520355225e-01
3.506754636764526367e-01
3.508463501930236816e-01
3.471923768520355225e-01
3.416259884834289551e-01
3.350748717784881592e-01
3.273763060569763184e-01
3.196940124034881592e-01
3.133707642555236816e-01
3.090494871139526367e-01
3.074707090854644775e-01
3.102783262729644775e-01
3.185872435569763184e-01
3.295247256755828857e-01
3.396809995174407959e-01
3.463948667049407959e-01
3.510254025459289551e-01
3.539876341819763184e-01
3.560058474540710449e-01
3.572428524494171143e-01
3.588216006755828857e-01
3.610921204090118408e-01
3.615397214889526367e-01
3.564778566360473633e-01
3.425618410110473633e-01
3.199788331985473633e-01
2.915934324264526367e-01
2.608317136764526367e-01
2.314697206020355225e-01
2.047770172357559204e-01
1.824056059122085571e-01
1.622721403837203979e-01
1.417480409145355225e-01
1.154052764177322388e-01
7.967122644186019897e-02
3.435058519244194031e-02
-1.727701909840106964e-02
-7.010091096162796021e-02
-1.199055984616279602e-01
-1.628743559122085571e-01
-1.944091767072677612e-01
-2.111572325229644775e-01
-2.121826112270355225e-01
-2.013427764177322388e-01
-1.834228485822677612e-01
-1.629394590854644775e-01
-1.429931670427322388e-01
-1.274495422840118408e-01
-1.184326186776161194e-01
-1.171793639659881592e-01
-1.214436814188957214e-01
-1.306396424770355225e-01
-1.425943970680236816e-01
-1.548909544944763184e-01
-1.643880158662796021e-01
-1.698079407215118408e-01
-1.718017607927322388e-01
-1.700927764177322388e-01
-1.632731109857559204e-01
-1.506754606962203979e-01
-1.333902925252914429e-01
-1.133382171392440796e-01
-9.318847954273223877e-02
-7.440592348575592041e-02
-5.897623673081398010e-02
-4.540201649069786072e-02
-3.288574144244194031e-02
-2.067057229578495026e-02
-9.098307229578495026e-03
2.970377681776881218e-03
1.606445387005805969e-02
2.807617187500000000e-02
3.604329377412796021e-02
3.976237028837203979e-02
4.285481944680213928e-02
4.772135242819786072e-02
5.710449069738388062e-02
7.390137016773223877e-02
1.011311858892440796e-01
1.372558623552322388e-01
1.755533814430236816e-01
2.118570953607559204e-01
2.448486387729644775e-01
2.751139402389526367e-01
2.995524108409881592e-01
3.166341185569763184e-01
3.273925781250000000e-01
3.358235657215118408e-01
3.434163331985473633e-01
3.492757081985473633e-01
3.529215455055236816e-01
3.546223938465118408e-01
3.550618588924407959e-01
3.537516295909881592e-01
3.492268919944763184e-01
3.404215574264526367e-01
3.257731199264526367e-01
3.049885928630828857e-01
2.785644531250000000e-01
2.483154237270355225e-01
2.165608704090118408e-01
1.856852173805236816e-01
1.569986939430236816e-01
1.318196654319763184e-01
1.111735031008720398e-01
9.574381262063980103e-02
8.487141877412796021e-02
7.680664211511611938e-02
7.094726711511611938e-02
6.723632663488388062e-02
6.528320163488388062e-02
6.381835788488388062e-02
6.145833432674407959e-02
5.721028521656990051e-02
5.074869841337203979e-02
4.322916641831398010e-02
3.614095225930213928e-02
3.011881560087203979e-02
2.456054650247097015e-02
2.141113206744194031e-02
2.335611917078495026e-02
3.149414062500000000e-02
4.390462115406990051e-02
5.791829526424407959e-02
7.255859673023223877e-02
8.587239682674407959e-02
9.561360627412796021e-02
1.000488251447677612e-01
9.921874850988388062e-02
9.392090141773223877e-02
8.525390923023223877e-02
7.558593899011611938e-02
6.654459983110427856e-02
5.705566331744194031e-02
4.427897185087203979e-02
2.624511718750000000e-02
3.540039062500000000e-03
-2.328287810087203979e-02
-5.305175855755805969e-02
-8.462727814912796021e-02
-1.148193329572677612e-01
-1.395263671875000000e-01
-1.551350951194763184e-01
-1.590169221162796021e-01
-1.510579437017440796e-01
-1.321451812982559204e-01
-1.033365875482559204e-01
-6.730142980813980103e-02
-2.724609337747097015e-02
1.126302126795053482e-02
4.581705853343009949e-02
7.513020932674407959e-02
9.847819060087203979e-02
1.144042983651161194e-01
1.218505874276161194e-01
1.221761032938957214e-01
1.175618469715118408e-01
1.094401031732559204e-01
9.905599057674407959e-02
8.603515475988388062e-02
7.038573920726776123e-02
5.161132663488388062e-02
2.954101562500000000e-02
4.923502448946237564e-03
-2.218424528837203979e-02
-5.034179612994194031e-02
-7.910969853401184082e-02
-1.059814468026161194e-01
-1.296305358409881592e-01
-1.480143219232559204e-01
-1.619791686534881592e-01
-1.695231050252914429e-01
-1.696451753377914429e-01
-1.583170592784881592e-01
-1.357096284627914429e-01
-1.031249985098838806e-01
-6.710612028837203979e-02
-3.312174603343009949e-02
-5.175781436264514923e-03
1.687011681497097015e-02
3.199056163430213928e-02
4.139811173081398010e-02
4.576009139418601990e-02
4.998372495174407959e-02
5.580240860581398010e-02
6.398925930261611938e-02
7.216797024011611938e-02
7.918294519186019897e-02
8.556315302848815918e-02
9.397786110639572144e-02
1.067382842302322388e-01
1.243164092302322388e-01
1.446289122104644775e-01
1.655924469232559204e-01
1.859374940395355225e-01
2.035807222127914429e-01
2.161051481962203979e-01
2.221028655767440796e-01
2.240478545427322388e-01
2.251953184604644775e-01
2.274902313947677612e-01
2.306396514177322388e-01
2.353190034627914429e-01
2.426513731479644775e-01
2.531168758869171143e-01
2.656494081020355225e-01
2.801188230514526367e-01
2.976643741130828857e-01
3.192708194255828857e-01
3.435139954090118408e-01
3.674723207950592041e-01
3.887044191360473633e-01
4.057291746139526367e-01
4.180420041084289551e-01
4.245605468750000000e-01
4.249186217784881592e-01
4.198811948299407959e-01
4.111002683639526367e-01
3.999186158180236816e-01
3.869303464889526367e-01
3.726237118244171143e-01
3.583333194255828857e-01
3.448893129825592041e-01
3.330810666084289551e-01
3.226806521415710449e-01
3.132975399494171143e-01
3.034016788005828857e-01
2.913411557674407959e-01
2.756510376930236816e-01
2.564859986305236816e-01
2.337809205055236816e-01
2.075927704572677612e-01
1.767822206020355225e-01
1.422851532697677612e-01
1.054606139659881592e-01
6.916503608226776123e-02
3.579101711511611938e-02
8.089193142950534821e-03
-1.215820293873548508e-02
-2.598470076918601990e-02
-3.610026091337203979e-02
-4.549153521656990051e-02
-5.593261867761611938e-02
-6.802571564912796021e-02
-8.085937798023223877e-02
-9.130859375000000000e-02
-9.489746391773223877e-02
-8.912760764360427856e-02
-7.372233271598815918e-02
-5.142415314912796021e-02
-2.577311173081398010e-02
-8.219400770030915737e-04
2.089029923081398010e-02
3.709309920668601990e-02
4.793294146656990051e-02
5.281575396656990051e-02
5.353190004825592041e-02
5.084635317325592041e-02
4.711100086569786072e-02
4.310709610581398010e-02
3.939615935087203979e-02
3.439941257238388062e-02
2.447102777659893036e-02
9.554036892950534821e-03
-8.284505456686019897e-03
-2.011718787252902985e-02
-2.461751364171504974e-02
-2.087402343750000000e-02
-8.235677145421504974e-03
1.851399801671504974e-02
5.961913987994194031e-02
1.066650375723838806e-01
1.483805328607559204e-01
1.807291656732559204e-01
2.030192017555236816e-01
2.160237580537796021e-01
2.181396484375000000e-01
2.099202424287796021e-01
1.942545622587203979e-01
1.732828766107559204e-01
1.488444060087203979e-01
1.217285171151161194e-01
9.334310144186019897e-02
6.405436247587203979e-02
3.431803360581398010e-02
7.031249813735485077e-03
-1.508789043873548508e-02
-3.141276165843009949e-02
-4.589843750000000000e-02
-6.124674528837203979e-02
-7.707519829273223877e-02
-9.216308593750000000e-02
-1.075846329331398010e-01
-1.263183653354644775e-01
-1.479654908180236816e-01
-1.702148467302322388e-01
-1.907226592302322388e-01
-2.094726562500000000e-01
-2.247395813465118408e-01
-2.338460236787796021e-01
-2.336669862270355225e-01
-2.242919951677322388e-01
-2.078694701194763184e-01
-1.874674409627914429e-01
-1.648111939430236816e-01
-1.408935487270355225e-01
-1.166829392313957214e-01
-9.436848759651184082e-02
-7.503255456686019897e-02
-5.895996093750000000e-02
-4.546712338924407959e-02
-3.546549379825592041e-02
-3.054199181497097015e-02
-3.131510317325592041e-02
-3.726399689912796021e-02
-4.683430865406990051e-02
-5.839030072093009949e-02
-6.966146081686019897e-02
-7.836100459098815918e-02
-8.224283903837203979e-02
-7.873535156250000000e-02
-6.569010764360427856e-02
-4.211425781250000000e-02
-9.114583022892475128e-03
2.814127691090106964e-02
6.359863281250000000e-02
9.058430790901184082e-02
1.078125014901161194e-01
1.131673157215118408e-01
1.077311187982559204e-01
9.186197817325592041e-02
7.259928435087203979e-02
5.681152269244194031e-02
4.980468750000000000e-02
5.016275867819786072e-02
5.391438677906990051e-02
5.686035007238388062e-02
5.684407427906990051e-02
5.248209461569786072e-02
4.256184771656990051e-02
2.650553360581398010e-02
5.623372271656990051e-03
-1.691080816090106964e-02
-3.741861879825592041e-02
-5.247395858168601990e-02
-6.210937350988388062e-02
-6.857910007238388062e-02
-7.703450322151184082e-02
-8.783365786075592041e-02
-1.012858077883720398e-01
-1.184407547116279602e-01
-1.427083313465118408e-01
-1.747395843267440796e-01
-2.081949859857559204e-01
-2.360921204090118408e-01
-2.548502683639526367e-01
-2.661539614200592041e-01
-2.725341916084289551e-01
-2.744547426700592041e-01
-2.714111208915710449e-01
-2.646728456020355225e-01
-2.563883364200592041e-01
-2.493489533662796021e-01
-2.437093108892440796e-01
-2.383951842784881592e-01
-2.321533262729644775e-01
-2.258789092302322388e-01
-2.234700471162796021e-01
-2.288085967302322388e-01
-2.425944060087203979e-01
-2.625895142555236816e-01
-2.859537899494171143e-01
-3.110839724540710449e-01
-3.348307311534881592e-01
-3.527506589889526367e-01
-3.614501953125000000e-01
-3.606282472610473633e-01
-3.523030579090118408e-01
-3.373128175735473633e-01
-3.168863952159881592e-01
-2.934244871139526367e-01
-2.703776061534881592e-01
-2.490478456020355225e-01
-2.285318970680236816e-01
-2.085367888212203979e-01
-1.899821013212203979e-01
-1.738037168979644775e-01
-1.590738892555236816e-01
-1.442220062017440796e-01
-1.268798857927322388e-01
-1.053873673081398010e-01
-7.855631411075592041e-02
-4.743652418255805969e-02
-1.286621112376451492e-02
2.290852926671504974e-02
5.952962115406990051e-02
9.593912959098815918e-02
1.304117888212203979e-01
1.586832702159881592e-01
1.757324188947677612e-01
1.818684935569763184e-01
1.780273467302322388e-01
1.642822325229644775e-01
1.404622346162796021e-01
1.090087890625000000e-01
7.753092795610427856e-02
4.790038987994194031e-02
1.955566368997097015e-02
-1.105957012623548508e-02
-4.471028596162796021e-02
-7.992350310087203979e-02
-1.146484389901161194e-01
-1.448649019002914429e-01
-1.665690094232559204e-01
-1.756591796875000000e-01
-1.689371764659881592e-01
-1.436930298805236816e-01
-1.004150360822677612e-01
-4.309896007180213928e-02
1.986490935087203979e-02
8.141276240348815918e-02
1.364990174770355225e-01
1.818603575229644775e-01
2.148925811052322388e-01
2.334554046392440796e-01
2.394449859857559204e-01
2.356119751930236816e-01
2.253824919462203979e-01
2.100667357444763184e-01
1.905761659145355225e-01
1.674397736787796021e-01
1.427083313465118408e-01
1.185221374034881592e-01
9.650878608226776123e-02
7.670898735523223877e-02
5.868326872587203979e-02
4.359537735581398010e-02
3.243001177906990051e-02
2.538248710334300995e-02
2.044270746409893036e-02
1.499023474752902985e-02
7.486979011446237564e-03
-2.075195312500000000e-03
-1.373697910457849503e-02
-2.769368514418601990e-02
-4.696451872587203979e-02
-7.320963591337203979e-02
-1.072753891348838806e-01
-1.478027403354644775e-01
-1.934814453125000000e-01
-2.432942688465118408e-01
-2.930664122104644775e-01
-3.362385928630828857e-01
-3.653645813465118408e-01
-3.770182430744171143e-01
-3.721679747104644775e-01
-3.538818359375000000e-01
-3.250895142555236816e-01
-2.886230349540710449e-01
-2.475016266107559204e-01
-2.051188200712203979e-01
-1.638509184122085571e-01
-1.258382201194763184e-01
-9.208170324563980103e-02
-6.315103918313980103e-02
-3.822428360581398010e-02
-1.702473871409893036e-02
-1.627604215173050761e-04
1.154785137623548508e-02
1.875813864171504974e-02
2.323404885828495026e-02
2.608235739171504974e-02
2.723795548081398010e-02
2.799479104578495026e-02
3.063151054084300995e-02
3.692220151424407959e-02
4.593098908662796021e-02
5.437825620174407959e-02
5.966796725988388062e-02
5.882975086569786072e-02
5.114746093750000000e-02
3.650716319680213928e-02
1.821289025247097015e-02
-4.069010537932626903e-05
-1.494954433292150497e-02
-2.511393278837203979e-02
-3.081054612994194031e-02
-3.344726562500000000e-02
-3.642578050494194031e-02
-4.365234449505805969e-02
-5.796712264418601990e-02
-7.972005009651184082e-02
-1.077962219715118408e-01
-1.407959014177322388e-01
-1.766194701194763184e-01
-2.122721374034881592e-01
-2.442138642072677612e-01
-2.700764834880828857e-01
-2.880696654319763184e-01
-2.968098819255828857e-01
-2.953287661075592041e-01
-2.839192748069763184e-01
-2.633544802665710449e-01
-2.347412109375000000e-01
-1.993733793497085571e-01
-1.602945923805236816e-01
-1.199625656008720398e-01
-8.175455778837203979e-02
-4.873047024011611938e-02
-2.590331993997097015e-02
-1.569824293255805969e-02
-1.855468750000000000e-02
-3.153483197093009949e-02
-5.170084536075592041e-02
-7.574869692325592041e-02
-1.001790389418601990e-01
-1.201090514659881592e-01
-1.315429657697677612e-01
-1.331868469715118408e-01
-1.282796263694763184e-01
-1.203450486063957214e-01
-1.112630218267440796e-01
-1.024820953607559204e-01
-9.584961086511611938e-02
-9.298502653837203979e-02
-9.178059548139572144e-02
-8.949381858110427856e-02
-8.550618588924407959e-02
-8.115234225988388062e-02
-7.696940004825592041e-02
-7.217610627412796021e-02
-6.600748747587203979e-02
-5.833333358168601990e-02
-4.754231870174407959e-02
-3.120117262005805969e-02
-8.886719122529029846e-03
1.696777343750000000e-02
4.155273362994194031e-02
6.180826947093009949e-02
7.644043117761611938e-02
8.557128906250000000e-02
9.055989235639572144e-02
9.303385764360427856e-02
9.551595151424407959e-02
9.890136867761611938e-02
1.027832031250000000e-01
1.067464202642440796e-01
1.110188812017440796e-01
1.168212890625000000e-01
1.242106109857559204e-01
1.329834014177322388e-01
1.427652984857559204e-01
1.540608704090118408e-01
1.669433563947677612e-01
1.806477904319763184e-01
1.928873658180236816e-01
2.019775360822677612e-01
1.980550140142440796e-01
1.586100310087203979e-01
5.682779848575592041e-02
-1.172526031732559204e-01
-3.456949889659881592e-01
-6.020752191543579102e-01
-8.636392951011657715e-01
-1.107153296470642090e+00
-1.305574536323547363e+00
-1.437190771102905273e+00
-1.508471727371215820e+00
-1.541235327720642090e+00
-1.557796239852905273e+00
-1.567887425422668457e+00
-1.575032591819763184e+00
-1.581583619117736816e+00
-1.588509082794189453e+00
-1.595296263694763184e+00
-1.601684570312500000e+00
-1.608577489852905273e+00
-1.617122411727905273e+00
-1.626033544540405273e+00
-1.633618116378784180e+00
-1.638427734375000000e+00
-1.642277002334594727e+00
-1.644409179687500000e+00
-1.644466161727905273e+00
-1.640454053878784180e+00
-1.634041309356689453e+00
-1.627026319503784180e+00
-1.621427416801452637e+00
-1.617960572242736816e+00
-1.616520166397094727e+00
-1.616341114044189453e+00
-1.616845726966857910e+00
-1.616902709007263184e+00
-1.616023778915405273e+00
-1.612744092941284180e+00
-1.607137084007263184e+00
-1.598299145698547363e+00
-1.585473656654357910e+00
-1.568416357040405273e+00
-1.550089478492736816e+00
-1.535555005073547363e+00
-1.527530908584594727e+00
-1.526594996452331543e+00
-1.530167698860168457e+00
-1.536678075790405273e+00
-1.544441699981689453e+00
-1.552506566047668457e+00
-1.559619188308715820e+00
-1.562662720680236816e+00
-1.560970067977905273e+00
-1.554939746856689453e+00
-1.546679735183715820e+00
-1.536669969558715820e+00
-1.524381518363952637e+00
-1.511840820312500000e+00
-1.499609351158142090e+00
-1.490364551544189453e+00
-1.483992457389831543e+00
-1.478873729705810547e+00
-1.470524072647094727e+00
-1.453100562095642090e+00
-1.425113916397094727e+00
-1.385172486305236816e+00
-1.329565405845642090e+00
-1.252547144889831543e+00
-1.138183593750000000e+00
-9.632486701011657715e-01
-7.081624269485473633e-01
-3.791341185569763184e-01
-1.236979197710752487e-02
3.547281920909881592e-01
6.947346925735473633e-01
9.824706912040710449e-01
1.192765355110168457e+00
1.312345385551452637e+00
1.363240599632263184e+00
1.379516601562500000e+00
1.387353539466857910e+00
1.394368529319763184e+00
1.400463819503784180e+00
1.405330419540405273e+00
1.407283544540405273e+00
1.404996752738952637e+00
1.399055957794189453e+00
1.390991210937500000e+00
1.381445288658142090e+00
1.369897484779357910e+00
1.358007788658142090e+00
1.348022460937500000e+00
1.342390894889831543e+00
1.340022802352905273e+00
1.339843750000000000e+00
1.340665698051452637e+00
1.343139648437500000e+00
1.346622705459594727e+00
1.349446654319763184e+00
1.348950147628784180e+00
1.344718456268310547e+00
1.338737010955810547e+00
1.334130883216857910e+00
1.331892848014831543e+00
1.330769896507263184e+00
1.329386353492736816e+00
1.327368140220642090e+00
1.324682593345642090e+00
1.319588184356689453e+00
1.311157226562500000e+00
1.300878882408142090e+00
1.292358398437500000e+00
1.288338184356689453e+00
1.288899779319763184e+00
1.292952418327331543e+00
1.299186229705810547e+00
1.305916309356689453e+00
1.312394261360168457e+00
1.318277955055236816e+00
1.324764013290405273e+00
1.332405567169189453e+00
1.341870069503784180e+00
1.354801416397094727e+00
1.371728539466857910e+00
1.391805052757263184e+00
1.412475585937500000e+00
1.433333277702331543e+00
1.455411791801452637e+00
1.478263378143310547e+00
1.500122070312500000e+00
1.519799828529357910e+00
1.538476586341857910e+00
1.556795239448547363e+00
1.573421239852905273e+00
1.586637377738952637e+00
1.596256494522094727e+00
1.602416992187500000e+00
1.605468750000000000e+00
1.605501294136047363e+00
1.603133082389831543e+00
1.598315477371215820e+00
1.590177416801452637e+00
1.578125000000000000e+00
1.561450242996215820e+00
1.539876341819763184e+00
1.515055298805236816e+00
1.490185499191284180e+00
1.469059228897094727e+00
1.452685594558715820e+00
1.441821336746215820e+00
1.436474561691284180e+00
1.437174439430236816e+00
1.441731810569763184e+00
1.447884082794189453e+00
1.454630494117736816e+00
1.463142871856689453e+00
1.474991917610168457e+00
1.489949584007263184e+00
1.506209254264831543e+00
1.521565794944763184e+00
1.534521460533142090e+00
1.544905543327331543e+00
1.552530884742736816e+00
1.557242870330810547e+00
1.559423804283142090e+00
1.561067700386047363e+00
1.563915967941284180e+00
1.568831324577331543e+00
1.574414014816284180e+00
1.579117894172668457e+00
1.582242846488952637e+00
1.584277391433715820e+00
1.586621046066284180e+00
1.589786767959594727e+00
1.593310594558715820e+00
1.596630811691284180e+00
1.599129199981689453e+00
1.600236058235168457e+00
1.597924828529357910e+00
1.589550733566284180e+00
1.574568629264831543e+00
1.555183887481689453e+00
1.534374952316284180e+00
1.512849926948547363e+00
1.489257812500000000e+00
1.464786767959594727e+00
1.442155003547668457e+00
1.423600316047668457e+00
1.408626317977905273e+00
1.396345973014831543e+00
1.387654662132263184e+00
1.383756518363952637e+00
1.384130835533142090e+00
1.386791944503784180e+00
1.389526367187500000e+00
1.391947388648986816e+00
1.394824266433715820e+00
1.397876024246215820e+00
1.399715185165405273e+00
1.398685693740844727e+00
1.395174145698547363e+00
1.390433788299560547e+00
1.383972167968750000e+00
1.374491333961486816e+00
1.361283421516418457e+00
1.344901561737060547e+00
1.325720191001892090e+00
1.303068041801452637e+00
1.276566624641418457e+00
1.246919751167297363e+00
1.214518189430236816e+00
1.180855274200439453e+00
1.147989869117736816e+00
1.119364380836486816e+00
1.097623705863952637e+00
1.082942724227905273e+00
1.071183323860168457e+00
1.061295628547668457e+00
1.053824901580810547e+00
1.056209325790405273e+00
1.067472338676452637e+00
1.085632324218750000e+00
1.108500123023986816e+00
1.140454053878784180e+00
1.182877659797668457e+00
1.230659961700439453e+00
1.275427222251892090e+00
1.315535426139831543e+00
1.351599097251892090e+00
1.385677099227905273e+00
1.415991187095642090e+00
1.442749023437500000e+00
1.465742945671081543e+00
1.485139966011047363e+00
1.500785350799560547e+00
1.514245629310607910e+00
1.526538133621215820e+00
1.537516236305236816e+00
1.545682787895202637e+00
1.552604198455810547e+00
1.559899926185607910e+00
1.568330883979797363e+00
1.575423121452331543e+00
1.580672144889831543e+00
1.584977269172668457e+00
1.589359521865844727e+00
1.591735839843750000e+00
1.590702295303344727e+00
1.587015748023986816e+00
1.583044409751892090e+00
1.579500317573547363e+00
1.574967503547668457e+00
1.568762183189392090e+00
1.561246752738952637e+00
1.553133130073547363e+00
1.543501734733581543e+00
1.530485033988952637e+00
1.513085961341857910e+00
1.492464184761047363e+00
1.470699071884155273e+00
1.449287891387939453e+00
1.427539110183715820e+00
1.404597997665405273e+00
1.379943847656250000e+00
1.353397607803344727e+00
1.323661327362060547e+00
1.289489746093750000e+00
1.251403808593750000e+00
1.211059570312500000e+00
1.169543504714965820e+00
1.127158641815185547e+00
1.085459351539611816e+00
1.046293139457702637e+00
1.011004686355590820e+00
9.799458980560302734e-01
9.548828005790710449e-01
9.383890628814697266e-01
9.319356083869934082e-01
9.348144531250000000e-01
9.456319212913513184e-01
9.630859494209289551e-01
9.861470460891723633e-01
1.013610839843750000e+00
1.043959498405456543e+00
1.076267480850219727e+00
1.109200000762939453e+00
1.142378687858581543e+00
1.175585985183715820e+00
1.209552049636840820e+00
1.244004368782043457e+00
1.277825951576232910e+00
1.309271216392517090e+00
1.337660670280456543e+00
1.363142848014831543e+00
1.384783983230590820e+00
1.401446580886840820e+00
1.412086963653564453e+00
1.418243408203125000e+00
1.422383666038513184e+00
1.426137328147888184e+00
1.429494261741638184e+00
1.431062817573547363e+00
1.430859327316284180e+00
1.429577589035034180e+00
1.428082227706909180e+00
1.425545215606689453e+00
1.421372532844543457e+00
1.415954589843750000e+00
1.409989476203918457e+00
1.402705907821655273e+00
1.392446875572204590e+00
1.379154443740844727e+00
1.363432765007019043e+00
1.345691919326782227e+00
1.325420141220092773e+00
1.303565502166748047e+00
1.281963109970092773e+00
1.262078881263732910e+00
1.243783593177795410e+00
1.226260423660278320e+00
1.208782911300659180e+00
1.192083716392517090e+00
1.176374316215515137e+00
1.162776708602905273e+00
1.150447607040405273e+00
1.140934228897094727e+00
1.134955883026123047e+00
1.133472681045532227e+00
1.134917140007019043e+00
1.136734008789062500e+00
1.136357665061950684e+00
1.131338477134704590e+00
1.119238734245300293e+00
1.099289417266845703e+00
1.072584033012390137e+00
1.043118834495544434e+00
1.014662146568298340e+00
9.893137812614440918e-01
9.670537114143371582e-01
9.482508301734924316e-01
9.326360225677490234e-01
9.192382693290710449e-01
9.043258428573608398e-01
8.868652582168579102e-01
8.696365356445312500e-01
8.532053828239440918e-01
8.356656432151794434e-01
8.102684020996093750e-01
7.778808474540710449e-01
7.415293455123901367e-01
7.043744325637817383e-01
6.688657402992248535e-01
6.387656927108764648e-01
6.227793097496032715e-01
6.258496642112731934e-01
6.482226252555847168e-01
6.857087612152099609e-01
7.333170771598815918e-01
7.866559624671936035e-01
8.421871662139892578e-01
8.967397212982177734e-01
9.472925662994384766e-01
9.912098646163940430e-01
