-1.946636
-1.911358
-1.878532
-1.855168
-1.848531
-1.860183
-1.886018
-1.920094
-1.955423
-1.982081
-1.988239
-1.967412
-1.923530
-1.865708
-1.803425
-1.744966
-1.702297
-1.687351
-1.704257
-1.743089
-1.789623
-1.833636
-1.872172
-1.900678
-1.912971
-1.907622
-1.891657
-1.872697
-1.850156
-1.813177
-1.751436
-1.661180
-1.547068
-1.416634
-1.280669
-1.158974
-1.079993
-1.067461
-1.126422
-1.241193
-1.388696
-1.546448
-1.690847
-1.798320
-1.854473
-1.863585
-1.845628
-1.820097
-1.800565
-1.791844
-1.794003
-1.803573
-1.814777
-1.823144
-1.824395
-1.813898
-1.789399
-1.752205
-1.708765
-1.665039
-1.623117
-1.585714
-1.559228
-1.554290
-1.574109
-1.610767
-1.651447
-1.687218
-1.717457
-1.743475
-1.763801
-1.776600
-1.781777
-1.781452
-1.766857
-1.719253
-1.620777
-1.470648
-1.284413
-1.082362
-0.887435
-0.729187
-0.644485
-0.658449
-0.770736
-0.953971
-1.172986
-1.394293
-1.588016
-1.727486
-1.800230
-1.816678
-1.802446
-1.780306
-1.765215
-1.766093
-1.789150
-1.829859
-1.876088
-1.915344
-1.936930
-1.927112
-1.870166
-1.760706
-1.608513
-1.432594
-1.254154
-1.099172
-0.999569
-0.978900
-1.039953
-1.160856
-1.312915
-1.468623
-1.601904
-1.685708
-1.704028
-1.663682
-1.589429
-1.503523
-1.424590
-1.373127
-1.372669
-1.429061
-1.525225
-1.637359
-1.749569
-1.851770
-1.930436
-1.974487
-1.985395
-1.976531
-1.961784
-1.948201
-1.935058
-1.921324
-1.907550
-1.896700
-1.888371
-1.878743
-1.862773
-1.837786
-1.800345
-1.743494
-1.662536
-1.563354
-1.464592
-1.391045
-1.362047
-1.387263
-1.462300
-1.572333
-1.697266
-1.815589
-1.909422
-1.969291
-1.997487
-2.005854
-2.005778
-2.004861
-2.005892
-2.009904
-2.016628
-2.025530
-2.036266
-2.047690
-2.058349
-2.066410
-2.072103
-2.076038
-2.078942
-2.080279
-2.079744
-2.076000
-2.068894
-2.058120
-2.045130
-2.030077
-2.012655
-1.992711
-1.970208
-1.945527
-1.917407
-1.885735
-1.850700
-1.813411
-1.772989
-1.726646
-1.667159
-1.577834
-1.440598
-1.247239
-1.014030
-0.766571
-0.528167
-0.316736
-0.151801
-0.047270
0.000793
0.014929
0.017031
0.019934
0.025665
0.033688
0.042934
0.052448
0.061846
0.070481
0.077090
0.081140
0.081904
0.079765
0.074607
0.066622
0.056574
0.044500
0.030976
0.015885
0.000564
-0.013725
-0.025416
-0.033974
-0.039170
-0.041615
-0.041921
-0.040890
-0.039820
-0.039629
-0.040316
-0.040316
-0.038215
-0.033706
-0.027288
-0.019226
-0.010210
-0.001537
0.004461
0.006027
0.002474
-0.005625
-0.016667
-0.029008
-0.041080
-0.051090
-0.056974
-0.058158
-0.055790
-0.052389
-0.048874
-0.045130
-0.040660
-0.035732
-0.030535
-0.025072
-0.018386
-0.011815
-0.006237
-0.003409
-0.002263
-0.001537
-0.001040
-0.001117
-0.003180
-0.006198
-0.009866
-0.013075
-0.015597
-0.017507
-0.018462
-0.018959
-0.019112
-0.020220
-0.023735
-0.029924
-0.037642
-0.044825
-0.050746
-0.055713
-0.059801
-0.062934
-0.064959
-0.066602
-0.068398
-0.070843
-0.073556
-0.074778
-0.073632
-0.070308
-0.067328
-0.064959
-0.063698
-0.062476
-0.063011
-0.065073
-0.067825
-0.069505
-0.069505
-0.068741
-0.067519
-0.064845
-0.060413
-0.053918
-0.046964
-0.039629
-0.032369
-0.025569
-0.019379
-0.013725
-0.007841
-0.001499
0.005913
0.014624
0.024099
0.033115
0.041444
0.049085
0.056650
0.063680
0.070634
0.077969
0.086603
0.096996
0.108228
0.119155
0.128324
0.135736
0.141085
0.145288
0.148726
0.152394
0.155832
0.159118
0.161563
0.162251
0.160417
0.155451
0.149567
0.143607
0.139557
0.136424
0.134896
0.134896
0.135278
0.134055
0.129089
0.120225
0.108075
0.093022
0.076364
0.059783
0.045799
0.035713
0.029371
0.026314
0.026697
0.030212
0.036019
0.042590
0.048398
0.052218
0.052600
0.049162
0.041826
0.031816
0.020660
0.010268
0.001175
-0.006695
-0.013572
-0.018998
-0.023124
-0.027021
-0.031911
-0.037565
-0.043296
-0.049180
-0.056897
-0.068054
-0.082190
-0.097472
-0.112143
-0.126661
-0.141409
-0.155927
-0.168382
-0.177934
-0.183665
-0.186034
-0.184505
-0.180608
-0.175183
-0.169605
-0.164562
-0.160053
-0.155163
-0.147522
-0.134837
-0.116651
-0.094034
-0.068665
-0.041921
-0.015024
0.009810
0.031053
0.047633
0.060089
0.068494
0.074072
0.077740
0.081560
0.084999
0.088132
0.089736
0.090500
0.089889
0.088132
0.085916
0.085763
0.089660
0.096461
0.103720
0.109909
0.116786
0.125115
0.134743
0.144142
0.153693
0.162939
0.171650
0.178603
0.184181
0.189989
0.197401
0.206570
0.214669
0.218949
0.217115
0.209091
0.194802
0.174936
0.152318
0.131228
0.115563
0.105554
0.099746
0.097148
0.097531
0.100510
0.103873
0.105554
0.103873
0.099517
0.093557
0.087444
0.081178
0.073919
0.065667
0.057567
0.050690
0.045036
0.039610
0.036172
0.036401
0.041139
0.048780
0.057261
0.065591
0.072468
0.077663
0.081943
0.087062
0.094245
0.103032
0.112125
0.120148
0.125573
0.127025
0.124274
0.118162
0.110597
0.102955
0.096919
0.093175
0.091570
0.087979
0.081943
0.074454
0.072468
0.076441
0.085687
0.099059
0.117856
0.140779
0.162022
0.176922
0.185939
0.191899
0.197018
0.201603
0.205882
0.209856
0.212607
0.213065
0.211078
0.207334
0.202979
0.198776
0.194879
0.191440
0.187620
0.182959
0.177075
0.171344
0.166836
0.164085
0.163474
0.165078
0.168822
0.173407
0.178069
0.182882
0.187925
0.192816
0.196255
0.197935
0.198317
0.197706
0.195872
0.193122
0.190676
0.189454
0.189759
0.191058
0.193427
0.196178
0.200075
0.205042
0.211460
0.218949
0.227354
0.236218
0.243935
0.248826
0.250430
0.249131
0.246075
0.241337
0.236218
0.231939
0.230258
0.231251
0.234613
0.239427
0.245387
0.251958
0.258912
0.266400
0.274118
0.282294
0.290164
0.298340
0.305981
0.313088
0.319354
0.324779
0.328752
0.330739
0.331274
0.331197
0.330510
0.329745
0.329287
0.330433
0.331962
0.332955
0.331579
0.327759
0.321340
0.313317
0.305828
0.301626
0.302161
0.306363
0.311865
0.317672
0.322945
0.327530
0.330128
0.331197
0.331809
0.333719
0.337387
0.342353
0.346556
0.349001
0.348925
0.347091
0.343423
0.337692
0.330204
0.322410
0.316297
0.312629
0.310566
0.309344
0.307739
0.304759
0.298951
0.290394
0.279925
0.267852
0.254709
0.241414
0.230258
0.222082
0.215968
0.210314
0.204659
0.199616
0.195719
0.193045
0.190982
0.190676
0.191746
0.195108
0.200228
0.207640
0.217267
0.228347
0.240420
0.252952
0.265331
0.277251
0.288177
0.297882
0.305828
0.312094
0.316679
0.319889
0.322257
0.325237
0.329822
0.335171
0.339908
0.343499
0.346480
0.347626
0.345868
0.340902
0.334942
0.328981
0.324091
0.320270
0.318284
0.317520
0.317520
0.318742
0.320423
0.323633
0.327453
0.333108
0.339832
0.346709
0.353433
0.359088
0.363978
0.368104
0.370855
0.371008
0.368715
0.363978
0.358171
0.350835
0.344875
0.341666
0.343041
0.348084
0.356031
0.365201
0.373759
0.379260
0.381553
0.381705
0.381705
0.380483
0.378955
0.377426
0.376662
0.374676
0.370702
0.365353
0.361227
0.359393
0.360616
0.363367
0.366882
0.369938
0.371160
0.368868
0.363061
0.355573
0.348849
0.343194
0.338151
0.334177
0.330968
0.328829
0.326536
0.325466
0.325466
0.326231
0.327759
0.329287
0.329287
0.326231
0.320118
0.314004
0.308350
0.305294
0.304682
0.306975
0.311712
0.318131
0.326078
0.334483
0.342735
0.350224
0.357712
0.365965
0.374981
0.381858
0.385526
0.384609
0.380636
0.373606
0.365353
0.356337
0.347320
0.338915
0.332038
0.327606
0.323938
0.319965
0.315686
0.312629
0.312018
0.312324
0.312935
0.314158
0.314463
0.314463
0.313241
0.312935
0.311712
0.309267
0.306211
0.304988
0.307434
0.313699
0.323021
0.334942
0.350224
0.367951
0.385832
0.401267
0.414257
0.424649
0.432290
0.437486
0.440084
0.441307
0.441307
0.439778
0.438250
0.436722
0.436111
0.434582
0.433054
0.432748
0.426941
0.395918
0.314158
0.170045
-0.026180
-0.254498
-0.497946
-0.737267
-0.948163
-1.108475
-1.218966
-1.295837
-1.358036
-1.415039
-1.469291
-1.522474
-1.574739
-1.625477
-1.673463
-1.717935
-1.759808
-1.798931
-1.834692
-1.865409
-1.891542
-1.913701
-1.932499
-1.944878
-1.950838
-1.951907
-1.951907
-1.951907
-1.951907
-1.952671
-1.954352
-1.957409
-1.958173
-1.952977
-1.938153
-1.913090
-1.879163
-1.838207
-1.796028
-1.758127
-1.724048
-1.688134
-1.646566
-1.601789
-1.562055
-1.530879
-1.507802
-1.481976
-1.442242
-1.380807
-1.296906
-1.197877
-1.100987
-1.034662
-1.021977
-1.065991
-1.143930
-1.224163
-1.276428
-1.278262
-1.219425
-1.105266
-0.955958
-0.790909
-0.615314
-0.414810
-0.175030
0.103108
0.395918
0.680475
0.939052
1.155756
1.313317
1.403635
1.441688
1.452692
1.456360
1.459874
1.462625
1.465529
1.467057
1.469349
1.469349
1.467057
1.459110
1.446579
1.432060
1.418918
1.408067
1.399204
1.393243
1.390645
1.390798
1.390340
1.388812
1.385297
1.382698
1.381170
1.381170
1.381476
1.383004
1.384227
1.383157
1.378878
1.372765
1.366194
1.357635
1.346174
1.332267
1.318818
1.308121
1.299563
1.292074
1.285503
1.281682
1.281377
1.283211
1.286572
1.290699
1.295742
1.300632
1.304300
1.304759
1.300785
1.293144
1.285197
1.278320
1.272972
1.268540
1.266094
1.265636
1.266094
1.266400
1.264872
1.264719
1.265483
1.268540
1.271749
1.275722
1.278779
1.280307
1.278320
1.272972
1.262274
1.247144
1.229111
1.210467
1.192433
1.175928
1.162633
1.154992
1.152241
1.154533
1.157284
1.156826
1.147198
1.129012
1.105630
1.082095
1.061769
1.049085
1.047557
1.057032
1.070022
1.079038
1.079803
1.074148
1.063451
1.050919
1.039610
1.032275
1.029065
1.027231
1.024786
1.021424
1.017756
1.014089
1.009962
1.007975
1.009351
1.013783
1.017298
1.018979
1.017909
1.014241
1.006295
0.994374
0.979551
0.966102
0.957850
0.958766
0.968853
0.986733
1.011185
1.039610
1.067730
1.090042
1.104866
1.115410
1.125955
1.137723
1.150713
1.164314
1.179443
1.194420
1.206799
1.213829
1.215663
1.213982
1.210772
1.207104
1.204201
1.199310
1.191364
1.180208
1.171344
1.166759
1.165689
1.167065
1.174095
1.187849
1.205729
1.219178
1.226819
1.228958
1.229875
1.229570
1.227277
1.222234
1.213065
1.198852
1.176387
1.145975
1.110367
1.075829
1.044806
1.018979
0.999112
0.987497
0.984441
0.983829
0.982301
0.979245
0.977717
0.979245
0.982607
0.987344
0.991929
0.994680
0.994986
0.992540
0.988109
0.984594
0.984441
0.988414
0.993610
0.996055
0.994374
0.989178
0.981079
0.974049
0.970228
0.973285
0.980315
0.988414
0.995138
1.002015
1.011644
1.024328
1.036095
1.044959
1.050308
1.052142
1.048474
1.035637
1.017909
0.999265
0.987650
0.985969
0.997431
1.020507
1.051683
1.086374
1.120912
1.149490
1.166606
1.169663
1.163703
1.156367
1.152394
1.153769
1.159424
1.169510
1.180972
1.190752
1.194726
1.190141
1.176081
1.154686
1.129470
1.103796
1.080872
1.063756
1.055504
1.055045
1.059324
1.064214
1.068341
1.072926
1.079191
1.086069
1.090500
1.090959
1.088361
1.082095
1.070786
1.056115
1.044195
1.039152
1.042361
1.050155
1.061617
1.071092
1.076746
1.075371
1.069411
1.060547
1.051683
1.043889
1.037776
1.033039
1.028607
1.023411
1.017145
1.010421
1.004919
1.001710
1.000640
0.999265
0.998806
1.001557
1.010726
1.022647
1.032122
1.036095
1.033344
1.024328
1.008740
0.987192
0.964268
0.942567
0.927590
0.918268
0.915976
0.916282
0.917810
0.920255
0.924381
0.929883
