0.334169
-0.051843
-0.464893
-0.864565
-1.205411
-1.456390
-1.606369
-1.662037
-1.633170
-1.514561
-1.301020
-0.999996
-0.643888
-0.275456
0.069147
0.352536
0.529349
0.554504
0.417740
0.152792
-0.185213
-0.552264
-0.913824
-1.235206
-1.479302
-1.631161
-1.703563
-1.722256
-1.698042
-1.622741
-1.484060
-1.283244
-1.036361
-0.770051
-0.520309
-0.329105
-0.234491
-0.257322
-0.390746
-0.606091
-0.860169
-1.113258
-1.334821
-1.506528
-1.621151
-1.683096
-1.707463
-1.711906
-1.708964
-1.698674
-1.670816
-1.609408
-1.500466
-1.326484
-1.068405
-0.707756
-0.250933
0.270681
0.810576
1.321828
1.769242
2.111299
2.314592
2.349095
2.209283
1.914378
1.497430
0.999267
0.456859
-0.084108
-0.571409
-0.965097
-1.249783
-1.432722
-1.517832
-1.500847
-1.382533
-1.181622
-0.927866
-0.656506
-0.405728
-0.221742
-0.142849
-0.180008
-0.306874
-0.469543
-0.601863
-0.643763
-0.544790
-0.287652
0.103713
0.565705
1.026220
1.435259
1.747946
1.922048
1.919928
1.744778
1.432615
1.024552
0.556939
0.072914
-0.367711
-0.712555
-0.939752
-1.059329
-1.098680
-1.086603
-1.048872
-1.003686
-0.962524
-0.929342
-0.904046
-0.884489
-0.868934
-0.857049
-0.849307
-0.845996
-0.846854
-0.851093
-0.858549
-0.868435
-0.879487
-0.890945
-0.903069
-0.917861
-0.935655
-0.956092
-0.978365
-1.002018
-1.025600
-1.045871
-1.060901
-1.070786
-1.077099
-1.080434
-1.080600
-1.077742
-1.072526
-1.065213
-1.056066
-1.045728
-1.036819
-1.031483
-1.032174
-1.039725
-1.054684
-1.074479
-1.095703
-1.114901
-1.131242
-1.145058
-1.158040
-1.172260
-1.190697
-1.213326
-1.238194
-1.260919
-1.279356
-1.287693
-1.275306
-1.226904
-1.135435
-1.007092
-0.857215
-0.702908
-0.562131
-0.449652
-0.376715
-0.340032
-0.333458
-0.341937
-0.356039
-0.372142
-0.396390
-0.433740
-0.478761
-0.523924
-0.566228
-0.606008
-0.636974
-0.646168
-0.624206
-0.573755
-0.504963
-0.427881
-0.341795
-0.240369
-0.121363
0.006265
0.132464
0.253947
0.367807
0.448462
0.462707
0.388388
0.241561
0.051810
-0.150091
-0.343415
-0.504058
-0.612916
-0.661366
-0.663796
-0.641452
-0.611248
-0.574994
-0.525924
-0.460800
-0.381860
-0.297204
-0.210689
-0.123412
-0.032276
0.063100
0.163049
0.265000
0.368903
0.475427
0.589715
0.716296
0.854691
0.998279
1.140723
1.279642
1.402220
1.473920
1.455197
1.331237
1.125717
0.873080
0.606294
0.356469
0.160715
0.047045
0.015507
0.046188
0.112455
0.196541
0.287105
0.376430
0.461563
0.537549
0.600959
0.641453
0.645026
0.597529
0.498628
0.366902
0.226220
0.092399
-0.029417
-0.137418
-0.233651
-0.322405
-0.407729
-0.482667
-0.529688
-0.524638
-0.454845
-0.326788
-0.167146
-0.007074
0.122222
0.198303
0.216169
0.195968
0.170815
0.164383
0.185059
0.232890
0.308066
0.409445
0.528784
0.656269
0.780801
0.899759
1.006378
1.078505
1.078505
0.978746
0.786994
0.539979
0.283865
0.065815
-0.065958
-0.075819
0.039756
0.248611
0.498961
0.737782
0.925485
1.047253
1.115617
1.155825
1.189888
1.226285
1.265636
1.305654
1.345958
1.386499
1.428090
1.471633
1.517892
1.560339
1.585493
1.579395
1.539997
1.477016
1.403698
1.333047
1.280405
1.261730
1.284740
1.342861
1.424659
1.520178
1.612981
1.670579
1.657001
1.559720
1.396409
1.192699
0.966121
0.730017
0.504392
0.305542
0.135847
-0.015078
-0.149709
-0.253279
-0.296823
-0.253946
-0.116647
0.107644
0.413208
0.805955
1.288266
1.835938
2.405906
2.958724
3.466379
3.902002
4.227481
4.407847
4.421186
4.265593
3.961553
3.541746
3.049908
2.529676
2.034598
1.617460
1.311323
1.113425
0.992800
0.915146
0.851499
0.786041
0.713151
0.637689
0.565371
0.498770
0.439506
0.387387
0.339366
0.290963
0.242656
0.199209
0.163478
0.132512
0.104499
0.081823
0.072390
0.090684
0.163669
0.324216
0.589287
0.943731
1.352008
1.772481
2.165323
2.484894
2.686698
2.740246
2.637152
2.395807
2.053559
1.655762
1.244913
0.861123
0.544695
0.321644
0.193301
0.135656
0.118791
0.116409
0.111931
0.095733
0.065720
0.022844
-0.022128
-0.052904
-0.047664
0.003692
0.098687
0.220647
0.349847
0.467614
0.562799
0.632259
0.682091
0.723061
0.765651
0.814816
0.867792
0.920101
0.969647
1.019860
1.073884
1.133529
1.195939
1.246628
1.258062
1.201465
1.069120
0.879226
0.665702
0.464946
0.314688
0.245610
0.269240
0.369379
0.513634
0.668274
0.797761
0.864267
0.837588
0.716010
0.529832
0.327932
0.165574
0.097544
0.162144
0.360995
0.656079
0.988894
1.301509
1.535995
1.643376
1.599452
1.424612
1.170498
0.887801
0.609963
0.360042
0.163097
0.036564
-0.023653
-0.043853
-0.051285
-0.064338
-0.085586
-0.113217
-0.141515
-0.167051
-0.189632
-0.209164
-0.228030
-0.247848
-0.272240
-0.299395
-0.325788
-0.346940
-0.361423
-0.365138
-0.353229
-0.330837
-0.312830
-0.316831
-0.346940
-0.398391
-0.464040
-0.536453
-0.603721
-0.653744
-0.680327
-0.686234
-0.672418
-0.638308
-0.585237
-0.521113
-0.453083
-0.384385
-0.320548
-0.270906
-0.245371
-0.241941
-0.253184
-0.266904
-0.275003
-0.273955
-0.265475
-0.252898
-0.237272
-0.221551
-0.210593
-0.205258
-0.200970
-0.192585
-0.183438
-0.179341
-0.183248
-0.186868
-0.177912
-0.140848
-0.069197
0.035516
0.164240
0.305446
0.435885
0.517732
0.513634
0.415304
0.246563
0.041996
-0.170290
-0.366473
-0.523400
-0.625540
-0.676515
-0.692808
-0.691379
-0.679564
-0.657364
-0.621348
-0.569039
-0.500628
-0.423355
-0.348655
-0.286341
-0.242036
-0.218311
-0.214500
-0.226601
-0.244894
-0.262331
-0.274241
-0.278814
-0.275194
-0.265761
-0.260330
-0.265951
-0.277004
-0.277957
-0.257281
-0.216691
-0.162763
-0.097114
-0.024415
0.046188
0.100498
0.135085
0.153855
0.166241
0.179771
0.194349
0.198160
0.177294
0.130034
0.070198
0.011125
-0.040613
-0.085586
-0.122173
-0.148756
-0.166955
-0.184201
-0.211547
-0.254423
-0.315593
-0.393056
-0.485001
-0.580187
-0.657174
-0.681947
-0.616013
-0.435265
-0.147994
0.207021
0.580712
0.930773
1.210612
1.372684
1.379449
1.235194
0.979175
0.664844
0.342129
0.064196
-0.110549
-0.146375
-0.053095
0.124223
0.336126
0.535644
0.671609
0.702194
0.622921
0.473140
0.321072
0.195683
0.098116
-0.015936
-0.148471
-0.296441
-0.437933
-0.568182
-0.670418
-0.715295
-0.677469
-0.558272
-0.387625
-0.200208
-0.014601
0.160143
0.316975
0.450844
0.566610
0.673324
0.768796
0.838065
0.851023
0.781182
0.621301
0.394915
0.143945
-0.094637
-0.289676
-0.411826
-0.438981
-0.376001
-0.256709
-0.120934
0.000930
0.085443
0.114409
0.080870
-0.004692
-0.126937
-0.269191
-0.405442
-0.497579
-0.513395
-0.449938
-0.326074
-0.163810
0.015888
0.179200
0.286009
0.314498
0.280483
0.218264
0.154903
0.099354
0.048284
-0.001357
-0.055572
-0.119124
-0.195730
-0.280625
-0.366187
-0.445841
-0.518826
-0.587047
-0.657555
-0.735876
-0.813815
-0.865648
-0.862789
-0.800285
-0.692999
-0.563989
-0.432502
-0.321023
-0.248229
-0.219645
-0.221361
-0.237177
-0.252612
-0.265951
-0.280815
-0.304636
-0.340461
-0.383528
-0.429834
-0.475569
-0.519589
-0.560368
-0.597147
-0.629923
-0.661366
-0.693762
-0.729015
-0.766746
-0.808098
-0.856691
-0.915003
-0.981700
-1.051635
-1.112615
-1.148250
-1.141008
-1.088033
-1.001709
-0.902617
-0.810003
-0.743879
-0.725585
-0.766174
-0.854023
-0.963405
-1.070311
-1.159112
-1.218376
-1.238385
-1.221807
-1.179311
-1.124429
-1.057543
-0.975601
-0.874604
-0.757790
-0.629733
-0.496531
-0.367521
-0.257567
-0.195253
-0.207259
-0.303682
-0.462801
-0.650314
-0.834586
-0.985701
-1.073359
-1.074312
-0.993895
-0.863361
-0.722917
-0.608199
-0.549697
-0.570278
-0.675277
-0.844114
-1.044013
-1.244102
-1.419037
-1.546522
-1.612457
-1.621985
-1.596640
-1.556813
-1.516605
-1.486115
-1.474300
-1.484590
-1.506505
-1.518891
-1.476968
-1.320136
-0.991608
-0.485859
0.151568
0.847116
1.531421
2.133023
2.562167
2.736149
2.609235
2.212868
1.625939
0.942015
0.235224
-0.428691
-0.980556
-1.368920
-1.586159
-1.676486
-1.696685
-1.688110
-1.667910
-1.640469
-1.605787
-1.557004
-1.482113
-1.366061
-1.194556
-0.948351
-0.616965
-0.210689
0.226458
0.646265
1.015763
1.316659
1.535233
1.664433
1.721220
1.735703
1.736465
1.735322
1.735322
1.735703
1.737609
1.741992
