-0.348681
-0.624796
-0.903793
-1.156458
-1.358471
-1.496929
-1.570478
-1.588086
-1.552444
-1.452673
-1.276723
-1.024888
-0.715558
-0.375399
-0.037652
0.255991
0.460105
0.535400
0.467412
0.269297
-0.020656
-0.356903
-0.695216
-0.998382
-1.234097
-1.386087
-1.460014
-1.481244
-1.474616
-1.444080
-1.380895
-1.282562
-1.166047
-1.054083
-0.956339
-0.883782
-0.853246
-0.879813
-0.953158
-1.041584
-1.125401
-1.199619
-1.268445
-1.326670
-1.370898
-1.404167
-1.432261
-1.456741
-1.472853
-1.477609
-1.472400
-1.463094
-1.453948
-1.447057
-1.443746
-1.446097
-1.455943
-1.471031
-1.488502
-1.505109
-1.520564
-1.533893
-1.543836
-1.549563
-1.551870
-1.552755
-1.553316
-1.553079
-1.551785
-1.549854
-1.548215
-1.547104
-1.546025
-1.545206
-1.544268
-1.543405
-1.542564
-1.542607
-1.543297
-1.544073
-1.543880
-1.543319
-1.542003
-1.539868
-1.535446
-1.528867
-1.520607
-1.512389
-1.504862
-1.497161
-1.487304
-1.474428
-1.459524
-1.444512
-1.431031
-1.421110
-1.416753
-1.419406
-1.428270
-1.440824
-1.454153
-1.465800
-1.474384
-1.479583
-1.482020
-1.482538
-1.481438
-1.477793
-1.471193
-1.461142
-1.448502
-1.433447
-1.416451
-1.397880
-1.378835
-1.360200
-1.342513
-1.324201
-1.304401
-1.282487
-1.259537
-1.236438
-1.213423
-1.192351
-1.174944
-1.163858
-1.158617
-1.157366
-1.156547
-1.153678
-1.147013
-1.136229
-1.121476
-1.104371
-1.087246
-1.072881
-1.062528
-1.055841
-1.051161
-1.046998
-1.041391
-1.032806
-1.020296
-1.005025
-0.989237
-0.975562
-0.965899
-0.961715
-0.963139
-0.970127
-0.980739
-0.993335
-1.005155
-1.014559
-1.021374
-1.027413
-1.034531
-1.040441
-1.035006
-1.000409
-0.913358
-0.758451
-0.537370
-0.270995
0.010867
0.277587
0.490902
0.613845
0.627994
0.549009
0.415153
0.258736
0.100032
-0.049181
-0.174237
-0.263575
-0.316936
-0.347392
-0.370902
-0.393764
-0.411020
-0.414989
-0.404636
-0.382592
-0.350800
-0.304297
-0.234457
-0.134723
-0.004792
0.147095
0.312960
0.480808
0.632049
0.735580
0.755898
0.678206
0.511997
0.291650
0.048526
-0.184460
-0.374827
-0.494319
-0.537672
-0.525507
-0.484008
-0.430604
-0.376941
-0.331344
-0.296403
-0.263144
-0.223457
-0.177861
-0.135025
-0.101593
-0.075452
-0.052848
-0.029338
0.000686
0.057843
0.171123
0.357564
0.605649
0.884491
1.166180
1.432512
1.654930
1.789907
1.796033
1.663902
1.422202
1.113466
0.786310
0.490601
0.281081
0.192692
0.222025
0.332846
0.480593
0.634551
0.783764
0.928448
1.074555
1.225537
1.384155
1.543419
1.675161
1.732664
1.675032
1.495967
1.222517
0.891307
0.532746
0.173237
-0.156551
-0.427714
-0.628649
-0.760564
-0.825875
-0.809224
-0.694779
-0.482456
-0.198782
0.118150
0.429647
0.695893
0.872283
0.922279
0.836565
0.641798
0.387286
0.128029
-0.079852
-0.184331
-0.153272
0.007847
0.258046
0.542452
0.805937
0.995182
1.066014
0.999755
0.815514
0.557119
0.276293
0.023463
-0.151547
-0.209955
-0.142100
0.026655
0.250928
0.489134
0.717634
0.930389
1.133050
1.334287
1.538674
1.738574
1.911038
2.019745
2.034412
1.946411
1.779986
1.574348
1.371947
1.209835
1.123430
1.132231
1.229722
1.382990
1.552564
1.702554
1.797457
1.805869
1.711526
1.529442
1.294860
1.045740
0.809863
0.614104
0.484303
0.434824
0.451561
0.501385
0.552719
0.580586
0.566221
0.495821
0.375078
0.225735
0.074409
-0.052675
-0.126786
-0.124801
-0.043444
0.097186
0.284834
0.523989
0.827247
1.185462
1.573960
1.969360
2.352078
2.695453
2.959197
3.104312
3.108367
2.970240
2.714952
2.384604
2.035275
1.721750
1.495536
1.389762
1.409606
1.526854
1.691726
1.848834
1.944944
1.945117
1.841069
1.658079
1.438939
1.232741
1.088661
1.047681
1.126795
1.308750
1.551874
1.808025
2.030443
2.171848
2.193245
2.075910
1.836065
1.521246
1.201596
0.947170
0.811114
0.819138
0.969084
1.227651
1.531599
1.804574
1.980662
2.025439
1.936144
1.739781
1.477073
1.187792
0.898597
0.632351
0.411659
0.255069
0.158355
0.102620
0.067506
0.044385
0.032737
0.032392
0.043954
0.062330
0.083554
0.104260
0.133939
0.179492
0.241006
0.305626
0.364898
0.415455
0.458161
0.490429
0.512687
0.528044
0.542970
0.561347
0.580327
0.588609
0.574460
0.537621
0.491291
0.447722
0.412867
0.384223
0.352560
0.301658
0.217281
0.101499
-0.030071
-0.159829
-0.269053
-0.340230
-0.359039
-0.332897
-0.281995
-0.226261
-0.179241
-0.153100
-0.161468
-0.204174
-0.263704
-0.308136
-0.296058
-0.189249
0.030667
0.346521
0.714917
1.086591
1.418578
1.666447
1.789476
1.761264
1.592164
1.320052
0.990049
0.636234
0.283368
-0.040338
-0.304685
-0.491299
-0.606304
-0.670061
-0.694391
-0.675756
-0.606821
-0.496475
-0.363784
-0.228245
-0.098746
0.020055
0.127641
0.226599
0.321328
0.412263
0.492499
0.548578
0.558413
0.500005
0.364207
0.165084
-0.068291
-0.306066
-0.523393
-0.697152
-0.807411
-0.849600
-0.838385
-0.799561
-0.747623
-0.682916
-0.598971
-0.497511
-0.386043
-0.269916
-0.152927
-0.048361
0.025059
0.056981
0.057843
0.043090
0.021522
-0.002981
-0.023083
-0.031969
-0.032400
-0.033263
-0.037491
-0.038957
-0.029467
-0.003067
0.044902
0.117373
0.211931
0.319344
0.426412
0.515535
0.570578
0.582743
0.559190
0.511911
0.450656
0.376199
0.285956
0.178025
0.055169
-0.074244
-0.201155
-0.318489
-0.420381
-0.500099
-0.554625
-0.589135
-0.612688
-0.630806
-0.639779
-0.628649
-0.590170
-0.525809
-0.449283
-0.369737
-0.293124
-0.221343
-0.159743
-0.111688
-0.074761
-0.046204
-0.018596
0.021867
0.094338
0.213571
0.376545
0.572735
0.786439
1.001265
1.183219
1.288906
1.284248
1.173384
0.990998
0.787560
0.614578
0.522695
0.547543
0.689897
0.916111
1.175196
1.416594
1.590784
1.652557
1.576462
1.369574
1.070889
0.733121
0.414678
0.172763
0.056636
0.085624
0.239453
0.467738
0.710603
0.910330
1.018433
1.008857
0.893851
0.713967
0.521833
0.364380
0.288889
0.330387
0.494828
0.751325
1.049751
1.343519
1.586384
1.730722
1.738574
1.601223
1.346280
1.014637
0.653747
0.310199
0.036879
-0.124283
-0.161986
-0.099522
0.015224
0.132472
0.209343
0.220818
0.163531
0.054307
-0.070448
-0.179068
-0.256975
-0.324873
-0.404851
-0.507777
-0.622006
-0.732266
-0.814314
-0.842008
-0.796368
-0.683347
-0.525637
-0.345062
-0.150339
0.060691
0.294238
0.550389
0.824573
1.102293
1.369056
1.598117
1.751515
1.788354
1.689742
1.472759
1.172090
0.823537
0.458679
0.119358
-0.150166
-0.323925
-0.408992
-0.429094
-0.411322
-0.381815
-0.369737
-0.394670
-0.456099
-0.535213
-0.601645
-0.616053
-0.545135
-0.374396
-0.121177
0.183892
0.496813
0.770392
0.955798
1.026112
0.984096
0.859256
0.690846
0.510531
0.339101
0.189414
0.074754
0.001420
-0.035334
-0.053106
-0.069154
-0.096071
-0.134378
-0.180017
-0.225829
-0.270347
-0.314089
-0.354638
-0.385612
-0.401227
-0.404419
-0.401227
-0.394066
-0.379831
-0.360506
-0.344804
-0.340662
-0.345580
-0.351360
-0.351705
-0.345753
-0.336176
-0.328583
-0.328583
-0.340058
-0.363266
-0.397172
-0.439793
-0.488538
-0.538232
-0.585770
-0.627614
-0.663418
-0.688093
-0.696375
-0.681536
-0.644438
-0.590257
-0.530382
-0.471024
-0.423918
-0.398208
-0.404764
-0.438930
-0.487244
-0.538319
-0.587151
-0.635810
-0.680156
-0.720015
-0.758839
-0.804047
-0.849945
-0.880142
-0.875483
-0.830792
-0.750729
-0.648406
-0.537111
-0.433235
-0.353862
-0.311760
-0.309171
-0.334709
-0.373360
-0.413392
-0.450146
-0.487071
-0.530727
-0.588186
-0.659450
-0.735889
-0.799388
-0.820957
-0.772642
-0.643403
-0.449973
-0.226520
-0.006517
0.174315
0.274395
0.256449
0.114095
-0.121782
-0.404074
-0.692752
-0.955201
-1.161745
-1.290122
-1.340162
-1.333432
-1.297887
-1.255785
-1.220757
-1.201259
-1.199188
-1.207988
-1.209541
-1.163815
-1.015594
-0.716219
-0.261893
0.306316
0.924738
1.532462
2.064608
2.439043
2.581743
2.455435
2.092906
1.565074
0.954762
0.328231
-0.256026
-0.738132
-1.078057
-1.271142
-1.356382
-1.382437
-1.384335
-1.376743
-1.361903
-1.342405
-1.317730
-1.281840
-1.218686
-1.107391
-0.924315
-0.658586
-0.318317
0.059397
0.433659
0.768752
1.041383
1.232224
1.337997
1.378201
1.384586
1.381135
1.376821
1.375441
1.376131
1.379237
1.382170
