-0.188761
-0.570574
-0.945663
-1.281453
-1.539705
-1.702011
-1.778203
-1.796628
-1.774941
-1.707619
-1.574764
-1.369020
-1.102859
-0.807012
-0.505045
-0.228820
-0.020280
0.070499
0.020704
-0.151291
-0.405870
-0.703751
-1.010153
-1.290064
-1.507629
-1.648000
-1.717209
-1.741136
-1.744677
-1.743663
-1.743228
-1.744076
-1.746281
-1.748809
-1.748068
-1.739590
-1.721518
-1.695869
-1.666432
-1.635921
-1.607418
-1.586319
-1.578700
-1.585536
-1.601419
-1.619706
-1.634012
-1.636812
-1.617066
-1.561937
-1.460779
-1.308228
-1.105065
-0.848941
-0.531066
-0.141096
0.310636
0.796569
1.284542
1.746190
2.150401
2.456428
2.631527
2.659408
2.536369
2.274192
1.898592
1.450884
0.963824
0.464175
-0.017895
-0.445406
-0.796237
-1.072612
-1.287923
-1.446807
-1.550744
-1.607729
-1.633883
-1.642650
-1.639495
-1.622775
-1.584398
-1.510950
-1.391163
-1.218382
-0.984794
-0.677136
-0.286736
0.171638
0.663109
1.151511
1.602910
1.984488
2.256109
2.390793
2.376305
2.215457
1.926000
1.536609
1.084438
0.598590
0.109930
-0.344538
-0.731332
-1.036328
-1.267812
-1.435206
-1.545743
-1.608438
-1.639152
-1.651965
-1.654541
-1.651214
-1.645419
-1.639259
-1.632241
-1.623891
-1.615155
-1.607150
-1.599873
-1.592490
-1.582960
-1.571220
-1.557955
-1.546172
-1.537115
-1.530074
-1.524580
-1.520974
-1.518956
-1.515951
-1.508525
-1.496570
-1.481180
-1.464267
-1.446796
-1.430377
-1.416661
-1.406616
-1.399898
-1.396056
-1.394318
-1.393352
-1.391334
-1.387192
-1.382019
-1.377512
-1.374207
-1.372897
-1.374142
-1.379358
-1.386505
-1.392472
-1.393480
-1.388845
-1.379744
-1.366651
-1.342226
-1.288610
-1.181764
-1.006794
-0.768420
-0.488537
-0.195173
0.081749
0.304239
0.433321
0.450492
0.371892
0.237659
0.083423
-0.070213
-0.214662
-0.341640
-0.444579
-0.524681
-0.592806
-0.658356
-0.716608
-0.750949
-0.747000
-0.703773
-0.629681
-0.534468
-0.428052
-0.316528
-0.201784
-0.079442
0.049081
0.178335
0.301363
0.411085
0.484490
0.486250
0.393528
0.217570
-0.007968
-0.250549
-0.478792
-0.654406
-0.743480
-0.739145
-0.666598
-0.559967
-0.446812
-0.343357
-0.258276
-0.191310
-0.134904
-0.081074
-0.023508
0.041956
0.119525
0.212333
0.317762
0.432763
0.548752
0.660963
0.763730
0.857397
0.944496
1.028719
1.113156
1.198538
1.274862
1.315299
1.285594
1.165398
0.965659
0.715223
0.451865
0.213406
0.041054
-0.035914
-0.015009
0.079474
0.214307
0.357770
0.481571
0.561888
0.592065
0.587257
0.574336
0.574294
0.590648
0.610052
0.611039
0.575538
0.494664
0.367342
0.197437
-0.001444
-0.204832
-0.384953
-0.526828
-0.631140
-0.697033
-0.706692
-0.635132
-0.474928
-0.250807
0.001475
0.247447
0.457832
0.593310
0.618980
0.524370
0.336392
0.100980
-0.132886
-0.320262
-0.415088
-0.391307
-0.254799
-0.045315
0.193187
0.418168
0.583866
0.644307
0.580861
0.417653
0.201215
-0.026899
-0.231447
-0.371431
-0.410881
-0.343315
-0.197964
-0.013807
0.185375
0.393828
0.613314
0.845206
1.089890
1.345005
1.593896
1.805826
1.939372
1.971439
1.904773
1.770540
1.602695
1.429056
1.269496
1.144364
1.068168
1.041210
1.048379
1.072461
1.100707
1.125262
1.140715
1.147283
1.150889
1.159217
1.175615
1.195876
1.209785
1.206909
1.183599
1.142947
1.089847
1.027903
0.954069
0.859286
0.731363
0.568670
0.383397
0.194518
0.020792
-0.113011
-0.180879
-0.170276
-0.096183
0.024742
0.195205
0.433707
0.741537
1.095084
1.464256
1.823727
2.147568
2.398004
2.536315
2.540865
2.417064
2.198995
1.932590
1.667215
1.447171
1.314784
1.295124
1.383467
1.543328
1.726969
1.888547
1.985132
1.983501
1.873007
1.676315
1.437985
1.210300
1.044688
0.984761
1.049324
1.224723
1.467604
1.727828
1.953882
2.097687
2.120095
2.004278
1.768437
1.461251
1.151919
0.906978
0.776909
0.784378
0.925780
1.166171
1.444338
1.687133
1.832398
1.849054
1.741049
1.541954
1.295038
1.036102
0.787727
0.569399
0.399666
0.290031
0.232508
0.208813
0.201945
0.202889
0.208212
0.213535
0.217398
0.216883
0.213792
0.213964
0.231135
0.276895
0.349957
0.435296
0.514625
0.575238
0.607347
0.602969
0.562617
0.499514
0.430831
0.367042
0.311580
0.268481
0.242983
0.238862
0.253800
0.285395
0.330554
0.381122
0.420185
0.427655
0.393227
0.320252
0.223838
0.122444
0.038393
-0.011488
-0.016726
0.015384
0.069987
0.128625
0.174300
0.188208
0.155584
0.075997
-0.030892
-0.129710
-0.177187
-0.134345
0.016672
0.264360
0.574294
0.903372
1.207810
1.441419
1.561958
1.545732
1.399522
1.157929
0.863707
0.551027
0.242811
-0.040593
-0.275404
-0.445137
-0.553657
-0.620880
-0.661489
-0.673509
-0.648526
-0.590574
-0.513649
-0.427366
-0.330350
-0.215392
-0.078712
0.077027
0.242124
0.402070
0.545876
0.658430
0.713634
0.679980
0.542870
0.321367
0.051099
-0.232305
-0.499740
-0.721244
-0.869857
-0.936394
-0.937424
-0.902739
-0.854060
-0.793790
-0.715062
-0.618562
-0.516225
-0.421012
-0.340653
-0.279353
-0.241921
-0.230846
-0.241062
-0.262183
-0.283303
-0.296696
-0.297039
-0.280212
-0.243982
-0.191868
-0.130053
-0.067036
-0.008569
0.040196
0.079087
0.112828
0.148801
0.189324
0.232852
0.275178
0.314585
0.349871
0.384041
0.421216
0.462082
0.497797
0.504494
0.454098
0.328922
0.138670
-0.086181
-0.313094
-0.516482
-0.678489
-0.783145
-0.825986
-0.818860
-0.785892
-0.748374
-0.713002
-0.677544
-0.640455
-0.608603
-0.586711
-0.571772
-0.552112
-0.517254
-0.463596
-0.394398
-0.315326
-0.226124
-0.113740
0.038565
0.239635
0.478909
0.737759
0.999356
1.245843
1.443565
1.547449
1.531823
1.414289
1.239576
1.047607
0.868859
0.739905
0.698868
0.757334
0.888691
1.051298
1.209527
1.328864
1.369731
1.302250
1.129597
0.886287
0.611297
0.339826
0.107848
-0.043598
-0.092620
-0.052183
0.043200
0.163739
0.279986
0.353219
0.343346
0.242554
0.081921
-0.089873
-0.223462
-0.270253
-0.191181
0.021908
0.337336
0.697494
1.044430
1.323541
1.491987
1.521263
1.409653
1.182483
0.881822
0.560814
0.273546
0.071189
-0.013635
0.021480
0.148715
0.319564
0.478824
0.577899
0.590091
0.521407
0.395460
0.225039
0.022767
-0.198393
-0.400322
-0.569110
-0.701068
-0.811476
-0.902739
-0.963438
-0.971508
-0.909264
-0.783488
-0.618991
-0.436637
-0.238916
-0.017756
0.229847
0.499858
0.782919
1.071216
1.349383
1.591062
1.752897
1.791875
1.687391
1.455327
1.136294
0.773475
0.403701
0.064750
-0.203372
-0.372075
-0.445480
-0.453465
-0.435006
-0.414745
-0.403670
-0.403412
-0.414401
-0.431143
-0.436294
-0.398346
-0.294549
-0.120695
0.103298
0.354679
0.602625
0.810563
0.938915
0.966904
0.900796
0.770212
0.610009
0.452380
0.311237
0.195334
0.102955
0.035216
-0.017155
-0.061799
-0.103610
-0.144133
-0.185944
-0.233335
-0.287251
-0.344860
-0.405043
-0.463510
-0.513734
-0.544728
-0.552712
-0.541466
-0.520946
-0.495362
-0.468061
-0.436552
-0.399549
-0.352930
-0.296438
-0.232477
-0.166627
-0.109190
-0.075364
-0.076738
-0.113225
-0.174010
-0.246471
-0.324255
-0.403069
-0.480766
-0.552540
-0.617274
-0.676170
-0.729314
-0.771984
-0.795936
-0.799113
-0.784346
-0.758504
-0.729142
-0.705103
-0.694801
-0.697720
-0.709568
-0.722617
-0.734293
-0.744252
-0.752494
-0.759191
-0.764514
-0.772069
-0.787866
-0.811390
-0.832339
-0.837146
-0.820148
-0.787523
-0.746141
-0.702356
-0.660116
-0.624916
-0.597270
-0.573746
-0.548505
-0.517598
-0.477419
-0.431572
-0.399463
-0.408392
-0.472096
-0.578726
-0.702699
-0.815340
-0.881791
-0.865135
-0.748374
-0.550051
-0.311892
-0.073046
0.130771
0.258179
0.268825
0.149831
-0.072187
-0.352586
-0.650328
-0.932101
-1.161846
-1.308657
-1.363775
-1.347635
-1.292173
-1.225722
-1.169573
-1.139181
-1.141413
-1.168886
-1.203056
-1.205976
-1.124586
-0.905658
-0.536314
-0.049522
0.494278
1.037218
1.519546
1.863821
1.994147
1.870861
1.526071
1.033269
0.472470
-0.095883
-0.619421
-1.041308
-1.327717
-1.479163
-1.537028
-1.542523
-1.524322
-1.495818
-1.463365
-1.431771
-1.398117
-1.354159
-1.283759
-1.166311
-0.979321
-0.709396
-0.365121
0.016414
0.389879
0.719730
0.984847
1.171494
1.276408
1.317274
1.324314
1.321051
1.318476
1.316931
1.317789
1.318648
1.318304
