-0.695068
-0.845597
-0.998915
-1.134422
-1.234110
-1.293228
-1.321333
-1.332344
-1.330212
-1.304916
-1.232290
-1.098428
-0.907366
-0.684337
-0.453437
-0.244980
-0.096892
-0.051168
-0.121834
-0.286111
-0.503711
-0.738894
-0.961038
-1.141219
-1.258851
-1.317122
-1.335548
-1.335529
-1.331830
-1.331288
-1.335466
-1.342152
-1.346998
-1.349935
-1.350805
-1.350943
-1.350817
-1.350212
-1.349141
-1.346406
-1.342398
-1.337206
-1.331269
-1.323002
-1.310638
-1.294279
-1.276244
-1.257893
-1.237376
-1.209131
-1.168058
-1.103756
-1.010480
-0.887145
-0.745397
-0.588688
-0.414512
-0.217260
-0.005942
0.204809
0.400814
0.564391
0.665595
0.667902
0.551221
0.324691
0.025037
-0.302419
-0.615180
-0.881713
-1.080994
-1.205439
-1.267497
-1.290661
-1.300518
-1.309693
-1.322371
-1.334546
-1.343797
-1.347275
-1.348460
-1.348132
-1.346393
-1.343217
-1.340293
-1.338075
-1.326883
-1.286477
-1.193970
-1.034766
-0.812647
-0.546644
-0.264383
-0.000800
0.202767
0.303946
0.277353
0.127779
-0.110598
-0.389861
-0.668668
-0.918514
-1.120015
-1.259053
-1.330387
-1.348283
-1.337042
-1.322523
-1.315011
-1.313297
-1.314103
-1.319826
-1.329656
-1.340192
-1.341755
-1.337420
-1.332378
-1.330891
-1.331522
-1.329757
-1.326304
-1.322548
-1.314936
-1.303593
-1.292981
-1.296308
-1.314759
-1.338856
-1.359626
-1.379918
-1.402553
-1.420525
-1.421584
-1.406863
-1.388715
-1.379287
-1.376565
-1.373843
-1.370818
-1.370213
-1.375153
-1.378078
-1.378834
-1.379842
-1.387001
-1.400864
-1.412408
-1.413719
-1.396932
-1.365727
-1.325649
-1.286578
-1.254617
-1.235561
-1.233796
-1.249525
-1.279470
-1.313498
-1.343494
-1.361492
-1.357812
-1.320607
-1.244635
-1.138163
-1.016366
-0.891543
-0.771258
-0.663274
-0.571119
-0.493081
-0.422906
-0.359285
-0.307814
-0.277918
-0.275650
-0.299596
-0.341540
-0.393264
-0.447003
-0.495652
-0.530134
-0.545610
-0.543241
-0.530235
-0.513296
-0.495349
-0.470697
-0.431174
-0.371787
-0.295362
-0.207290
-0.109489
-0.013352
0.055108
0.064687
0.007317
-0.096685
-0.219843
-0.347388
-0.469941
-0.572632
-0.638975
-0.667862
-0.675474
-0.679406
-0.686162
-0.688430
-0.674819
-0.639530
-0.585840
-0.522673
-0.457892
-0.396943
-0.341540
-0.289514
-0.234160
-0.165901
-0.066992
0.089742
0.329606
0.654013
1.035890
1.438285
1.829993
2.184294
2.461514
2.614113
2.606551
2.437467
2.143258
1.774639
1.378042
0.981998
0.611464
0.297191
0.067661
-0.070923
-0.141754
-0.165145
-0.139737
-0.052018
0.088935
0.249450
0.397008
0.515176
0.587115
0.589131
0.506505
0.356829
0.174486
-0.013049
-0.192418
-0.352479
-0.480729
-0.573641
-0.639832
-0.688783
-0.716762
-0.707032
-0.647999
-0.545863
-0.423863
-0.305041
-0.209206
-0.150323
-0.134040
-0.146593
-0.161465
-0.156877
-0.125571
-0.073394
-0.009924
0.054352
0.109907
0.152455
0.181292
0.203675
0.223941
0.235335
0.219505
0.160622
0.060906
-0.063614
-0.186621
-0.271012
-0.277465
-0.181378
0.008880
0.266389
0.553842
0.829399
1.041637
1.148109
1.138732
1.037604
0.883945
0.706190
0.523796
0.358745
0.232209
0.152657
0.109403
0.093876
0.107991
0.157900
0.243703
0.361568
0.507463
0.671909
0.836356
0.982351
1.097797
1.181885
1.238348
1.276662
1.307312
1.338669
1.371740
1.401585
1.423060
1.435764
1.441310
1.440604
1.430521
1.398761
1.323949
1.182793
0.972974
0.713046
0.434465
0.168890
-0.043449
-0.162322
-0.163935
-0.055749
0.149834
0.453823
0.865293
1.368312
1.921340
2.478402
3.001082
3.453789
3.791959
3.977074
3.986451
3.819685
3.501984
3.074382
2.586890
2.086695
1.625417
1.256698
1.016128
0.902195
0.880719
0.910866
0.958758
1.002214
1.026917
1.028932
1.010985
0.977713
0.933854
0.884853
0.836658
0.793908
0.757409
0.726254
0.694696
0.648921
0.574209
0.464914
0.338378
0.234124
0.204582
0.302585
0.553943
0.946256
1.433445
1.951285
2.435248
2.822520
3.065812
3.138003
3.033447
2.771704
2.391289
1.943220
1.470448
1.016430
0.626336
0.339891
0.164050
0.072904
0.031767
0.021382
0.037817
0.080567
0.144389
0.221118
0.303795
0.384355
0.455134
0.509983
0.550616
0.583082
0.613834
0.645090
0.675942
0.704174
0.727162
0.744201
0.758317
0.774449
0.790984
0.795320
0.771928
0.713349
0.624319
0.513209
0.388186
0.257113
0.127148
0.002225
-0.117253
-0.233404
-0.343909
-0.442113
-0.511078
-0.538603
-0.527513
-0.499584
-0.473772
-0.452196
-0.429510
-0.409748
-0.405413
-0.416705
-0.428502
-0.417612
-0.360343
-0.230379
-0.011084
0.291494
0.645090
1.011893
1.351676
1.617049
1.754373
1.725940
1.536187
1.225946
0.844926
0.434969
0.030457
-0.326970
-0.602426
-0.785122
-0.890989
-0.946645
-0.969834
-0.971145
-0.957232
-0.935857
-0.912263
-0.887460
-0.853986
-0.800952
-0.717972
-0.602930
-0.462581
-0.309326
-0.158491
-0.031451
0.044774
0.049815
-0.012798
-0.122294
-0.258409
-0.411664
-0.566835
-0.700630
-0.792885
-0.842492
-0.859834
-0.852977
-0.821923
-0.765965
-0.685204
-0.586395
-0.480931
-0.385449
-0.314871
-0.276457
-0.269500
-0.287044
-0.317190
-0.344917
-0.354698
-0.341691
-0.316384
-0.296823
-0.294202
-0.306603
-0.326668
-0.343203
-0.338666
-0.295311
-0.202350
-0.068050
0.094582
0.265380
0.423878
0.546785
0.620488
0.646602
0.637830
0.607784
0.565740
0.511395
0.437893
0.337974
0.213657
0.075223
-0.064824
-0.196301
-0.311847
-0.408034
-0.486577
-0.552013
-0.610291
-0.665341
-0.715452
-0.753866
-0.773830
-0.777258
-0.773830
-0.770805
-0.770099
-0.767376
-0.760319
-0.747010
-0.725635
-0.697908
-0.668568
-0.642756
-0.617751
-0.586899
-0.546165
-0.498071
-0.444533
-0.386357
-0.330096
-0.288153
-0.272222
-0.279280
-0.300352
-0.326164
-0.347942
-0.354495
-0.330197
-0.268794
-0.171699
-0.051414
0.075727
0.186534
0.256608
0.265078
0.206700
0.092565
-0.049296
-0.185311
-0.279985
-0.307814
-0.260426
-0.153147
-0.013302
0.133299
0.259734
0.337168
0.345234
0.291393
0.205893
0.122006
0.077038
0.111521
0.258726
0.515428
0.842304
1.190758
1.520054
1.788049
1.941909
1.936868
1.765464
1.462382
1.081060
0.678765
0.314382
0.051025
-0.065530
-0.028627
0.127652
0.347251
0.566849
0.725145
0.772936
0.694292
0.523494
0.362173
0.255298
0.201658
0.105269
-0.026812
-0.167968
-0.266979
-0.333928
-0.375871
-0.378896
-0.324450
-0.214751
-0.073394
0.075627
0.227268
0.392824
0.584997
0.804999
1.045770
1.297028
1.549697
1.780588
1.945135
1.991112
1.893513
1.672906
1.377285
1.054845
0.740067
0.465217
0.262154
0.153262
0.133904
0.173427
0.233721
0.285948
0.313373
0.308332
0.269010
0.200247
0.114344
0.031868
-0.017536
-0.012696
0.047193
0.141768
0.244812
0.337168
0.403914
0.437389
0.437792
0.418030
0.394235
0.379918
0.376087
0.375079
0.366206
0.347251
0.323658
0.300266
0.278286
0.253281
0.218396
0.164353
0.089339
-0.001203
-0.096584
-0.178656
-0.220801
-0.195191
-0.098399
0.048605
0.215774
0.378507
0.510790
0.585401
0.587216
0.526317
0.427105
0.313776
0.201860
0.106681
0.038725
0.003839
-0.003421
0.007468
0.026423
0.041547
0.039934
0.011703
-0.045163
-0.123202
-0.211323
-0.291782
-0.342800
-0.344211
-0.289161
-0.189948
-0.067142
0.050218
0.137533
0.172822
0.153867
0.093372
0.014324
-0.061093
-0.120580
-0.163129
-0.200031
-0.246209
-0.309326
-0.388172
-0.472865
-0.545056
-0.581353
-0.567641
-0.508759
-0.426485
-0.336549
-0.248628
-0.169581
-0.108884
-0.070167
-0.043550
-0.017738
0.008073
0.023197
0.012711
-0.029837
-0.103440
-0.198216
-0.305293
-0.414789
-0.508759
-0.562196
-0.555139
-0.488191
-0.379299
-0.249637
-0.124411
-0.032660
-0.005841
-0.057262
-0.178454
-0.346027
-0.534974
-0.714040
-0.851768
-0.933437
-0.963684
-0.964692
-0.946141
-0.920934
-0.897543
-0.891493
-0.904600
-0.928798
-0.938478
-0.889678
-0.720896
-0.376879
0.147414
0.807419
1.528524
2.239748
2.866278
3.314146
3.495430
3.362542
2.949964
2.340775
1.633584
0.905220
0.226462
-0.330096
-0.712225
-0.912868
-0.982438
-0.984051
-0.965096
-0.943922
-0.922950
-0.902786
-0.879797
-0.843097
-0.773729
-0.649310
-0.446852
-0.154256
0.219404
0.634402
1.044561
1.415599
1.723319
1.949168
2.083670
2.144569
2.164935
2.172598
2.179454
2.186311
2.193570
2.201232
2.210105
