-0.108571
0.170270
0.416890
0.582226
0.619435
0.524825
0.339664
0.111903
-0.129132
-0.368554
-0.587522
-0.767301
-0.899394
-0.990499
-1.056103
-1.106309
-1.138335
-1.138629
-1.099904
-1.029134
-0.940399
-0.843410
-0.737625
-0.616485
-0.475634
-0.315780
-0.146685
0.025188
0.186676
0.311254
0.356002
0.286229
0.103725
-0.158644
-0.455253
-0.742099
-0.977322
-1.123944
-1.170155
-1.133806
-1.051788
-0.957532
-0.870175
-0.794800
-0.728519
-0.665938
-0.603406
-0.540678
-0.478779
-0.421378
-0.368244
-0.316706
-0.261328
-0.199941
-0.128304
-0.033846
0.098411
0.268029
0.456847
0.642470
0.818841
0.972796
1.070459
1.065778
0.945235
0.741754
0.498486
0.243821
-0.005664
-0.223261
-0.379787
-0.471539
-0.513227
-0.516786
-0.463993
-0.325373
-0.089358
0.224390
0.578157
0.935081
1.257496
1.496681
1.601036
1.540429
1.326404
1.005062
0.626647
0.232351
-0.147587
-0.479718
-0.734066
-0.900113
-0.987768
-1.013951
-0.972873
-0.845393
-0.621885
-0.324751
0.005880
0.335170
0.631134
0.851570
0.954134
0.928511
0.809443
0.645980
0.471816
0.308499
0.185872
0.134212
0.161443
0.241822
0.344970
0.448216
0.528009
0.548732
0.480396
0.325735
0.117804
-0.106289
-0.308637
-0.450060
-0.491139
-0.420464
-0.262998
-0.061894
0.145475
0.344312
0.535323
0.727431
0.927487
1.138318
1.354513
1.554716
1.697383
1.739388
1.662935
1.490720
1.267772
1.040022
0.849035
0.736671
0.730235
0.826289
0.987850
1.170524
1.334766
1.445984
1.478506
1.427919
1.319651
1.190734
1.070008
0.968225
0.886286
0.819585
0.762196
0.703467
0.634571
0.550414
0.450386
0.334950
0.205033
0.065804
-0.075327
-0.208804
-0.322362
-0.393525
-0.396597
-0.319631
-0.170333
0.044009
0.336072
0.723994
1.199510
1.723907
2.255521
2.760195
3.204847
3.544742
3.740702
3.771785
3.634677
3.348197
2.948524
2.494022
2.047468
1.672443
1.418679
1.309558
1.331036
1.438207
1.571757
1.670907
1.689070
1.608472
1.446277
1.242052
1.042825
0.896599
0.847450
0.916736
1.093485
1.338057
1.604083
1.843487
2.006828
2.046956
1.935933
1.683365
1.340057
0.986753
0.705661
0.559629
0.578157
0.759246
1.063450
1.420849
1.746751
1.968992
2.045396
1.968845
1.765425
1.480188
1.158529
0.829800
0.517210
0.244455
0.036647
-0.099585
-0.178427
-0.221773
-0.244105
-0.250297
-0.241764
-0.226552
-0.213094
-0.209437
-0.213680
-0.214996
-0.203538
-0.172673
-0.127085
-0.076425
-0.031371
0.001931
0.027139
0.049762
0.073751
0.101251
0.136162
0.178729
0.218125
0.237629
0.231144
0.208374
0.185555
0.171512
0.166685
0.162784
0.150302
0.119243
0.066779
-0.005188
-0.090662
-0.183059
-0.277699
-0.374143
-0.473805
-0.577856
-0.681614
-0.777717
-0.852707
-0.895225
-0.898882
-0.868602
-0.805558
-0.694730
-0.510959
-0.241569
0.094961
0.464648
0.834724
1.180032
1.462391
1.631583
1.642310
1.492768
1.217868
0.868660
0.482932
0.093401
-0.260390
-0.542408
-0.739832
-0.872308
-0.965485
-1.032967
-1.070317
-1.074022
-1.044572
-0.990157
-0.912144
-0.806630
-0.667035
-0.494479
-0.295008
-0.078911
0.142160
0.338656
0.478593
0.529009
0.473619
0.306720
0.042058
-0.284184
-0.625005
-0.939009
-1.196552
-1.375934
-1.465065
-1.474816
-1.436150
-1.386125
-1.348825
-1.330930
-1.324201
-1.314742
-1.289534
-1.243458
-1.174806
-1.084846
-0.977041
-0.863386
-0.760895
-0.680298
-0.623446
-0.589704
-0.584585
-0.612865
-0.668400
-0.736906
-0.803851
-0.863532
-0.915801
-0.960902
-0.999958
-1.030139
-1.051544
-1.056128
-1.035795
-0.981381
-0.893469
-0.781276
-0.660160
-0.543091
-0.450255
-0.403252
-0.424267
-0.510764
-0.638560
-0.780106
-0.915118
-1.029067
-1.104398
-1.132679
-1.123414
-1.094452
-1.058663
-1.018632
-0.970995
-0.912631
-0.842566
-0.765430
-0.687221
-0.608525
-0.521053
-0.411395
-0.273848
-0.114066
0.053175
0.214858
0.351674
0.432808
0.429883
0.343288
0.209495
0.071508
-0.040734
-0.115041
-0.143808
-0.133374
-0.099926
-0.069501
-0.050973
-0.028642
0.036207
0.175852
0.393899
0.666361
0.960570
1.242686
1.467852
1.581850
1.544891
1.357268
1.058282
0.701077
0.339777
0.027139
-0.183498
-0.257611
-0.196272
-0.035662
0.169221
0.361621
0.487028
0.505166
0.402773
0.201498
-0.053410
-0.309490
-0.512130
-0.612475
-0.583610
-0.434701
-0.204952
0.054540
0.292287
0.455530
0.500583
0.405309
0.182971
-0.124305
-0.457130
-0.750949
-0.944227
-0.997374
-0.905708
-0.704920
-0.448647
-0.197540
-0.010211
0.067998
0.025871
-0.108995
-0.296032
-0.505694
-0.720719
-0.925504
-1.104155
-1.249357
-1.364135
-1.452875
-1.508654
-1.510605
-1.438540
-1.294898
-1.104545
-0.898687
-0.693023
-0.490969
-0.287158
-0.078960
0.137332
0.356160
0.572746
0.768852
0.910641
0.949940
0.853594
0.629890
0.318227
-0.035175
-0.387406
-0.695657
-0.910876
-1.006442
-0.988012
-0.895273
-0.775230
-0.669034
-0.604478
-0.595312
-0.636659
-0.711747
-0.792296
-0.842419
-0.824281
-0.716817
-0.531438
-0.301201
-0.064235
0.143281
0.284485
0.334121
0.295213
0.200036
0.085844
-0.020255
-0.108410
-0.178427
-0.238302
-0.293790
-0.346156
-0.391599
-0.428655
-0.462591
-0.505791
-0.567227
-0.651969
-0.756800
-0.878501
-0.998642
-1.082896
-1.096060
-1.027897
-0.899662
-0.740806
-0.574248
-0.425535
-0.324215
-0.295935
-0.335917
-0.421244
-0.524319
-0.629052
-0.725594
-0.804193
-0.858217
-0.887375
-0.900734
-0.911851
-0.932232
-0.969192
-1.024678
-1.099572
-1.190067
-1.287486
-1.374471
-1.431226
-1.442733
-1.407920
-1.337805
-1.248285
-1.154473
-1.073047
-1.018144
-0.994740
-0.997374
-1.018534
-1.054908
-1.102789
-1.155741
-1.205962
-1.249357
-1.281928
-1.301529
-1.306600
-1.300749
-1.289827
-1.278710
-1.271786
-1.267202
-1.263302
-1.252673
-1.226831
-1.175830
-1.096548
-0.995716
-0.885815
-0.778156
-0.684345
-0.623201
-0.617253
-0.678494
-0.794246
-0.937791
-1.081336
-1.199526
-1.262717
-1.248479
-1.156424
-1.012586
-0.849831
-0.700435
-0.601163
-0.587803
-0.677421
-0.853731
-1.081043
-1.324153
-1.551269
-1.734406
-1.852304
-1.902818
-1.901257
-1.869272
-1.824902
-1.781116
-1.746010
-1.723094
-1.710319
-1.699397
-1.661854
-1.545223
-1.288852
-0.872162
-0.323630
0.293750
0.921953
1.497302
1.934373
2.139938
2.057537
1.710182
1.176082
0.545343
-0.111628
-0.734468
-1.257646
-1.632014
-1.850451
-1.952844
-1.990485
-1.998872
-1.993411
-1.980929
-1.966496
-1.951381
-1.928952
-1.883802
-1.794476
-1.633573
-1.381688
-1.037745
-0.636074
-0.224260
0.153910
0.470060
0.701955
0.841209
0.901085
0.916005
0.915127
0.914347
0.916102
0.919710
0.924684
0.930340
0.936873
0.940384
0.937361
0.926439
0.911226
0.894258
0.876998
0.862760
0.857007
0.862273
0.874462
0.885579
0.890943
0.888115
0.875827
0.852423
0.820243
0.784649
0.750714
0.718143
0.685085
0.649979
0.614678
0.580546
0.547781
0.517453
0.490734
0.470450
0.456407
0.447046
0.436514
0.420716
0.399555
0.377029
0.355380
0.333244
0.311108
0.293262
0.284583
0.286631
0.298528
0.321639
0.359086
0.413110
0.482250
0.559678
0.637594
0.709464
0.771777
0.821511
0.856617
0.879533
0.895038
0.908691
0.921368
0.932972
0.940384
0.938823
0.927707
0.911129
0.899134
0.894258
0.895819
0.904790
0.922148
0.947502
0.970809
0.987680
0.996846
1.001917
1.005623
1.009328
1.013619
1.012839
1.002210
0.979195
0.946917
0.907228
0.861688
0.813709
0.770802
0.740962
0.730430
0.738329
0.756955
0.775483
0.787185
0.790208
0.782894
0.762123
0.730528
0.697372
0.671627
0.656025
0.647053
0.642567
0.641982
0.644518
0.648808
0.652709
0.655049
0.656025
0.653489
0.648223
0.639447
0.629500
0.620529
0.613703
0.610581
0.608632
0.607071
0.605511
0.606096
0.607656
0.611557
0.617018
0.630670
0.655635
0.696006
0.745350
0.791378
0.821608
0.832335
0.824729
0.800155
0.762123
0.719410
0.686060
0.668897
0.665386
0.665581
0.648418
0.589518
0.462746
0.260496
-0.011381
-0.340208
-0.706676
-1.076655
-1.409382
-1.672288
-1.860690
-1.980246
-2.044802
-2.065280
-2.057284
-2.033100
-2.000919
-1.962108
-1.915105
-1.856205
-1.761613
-1.574576
-1.227416
-0.697315
-0.034395
0.683914
1.394812
2.027697
2.461257
2.567160
2.308935
1.780589
1.118449
