-0.587610
-0.697234
-0.773507
-0.741669
-0.576978
-0.392640
-0.283987
-0.268441
-0.300335
-0.375478
-0.497542
-0.630915
-0.652754
-0.540678
-0.343618
-0.194179
-0.122064
-0.103264
-0.110980
-0.144535
-0.206426
-0.216933
-0.131136
0.043181
0.203986
0.296923
0.325179
0.314571
0.243416
0.107873
-0.070488
-0.193320
-0.247878
-0.237473
-0.229372
-0.232265
-0.242873
-0.255979
-0.279502
-0.321157
-0.338511
-0.263696
-0.093627
0.107286
0.237247
0.291240
0.296257
0.239371
0.115963
-0.065867
-0.172487
-0.176543
-0.080126
0.023602
0.105173
0.147202
0.156263
0.126572
0.080679
0.038063
0.058897
0.134672
0.247856
0.318807
0.331540
0.291816
0.213917
0.114810
0.002971
-0.081481
-0.133543
-0.162465
-0.174419
-0.170182
-0.148196
-0.125442
-0.098067
-0.065664
-0.040605
-0.035589
-0.047158
-0.049474
-0.059495
-0.089582
-0.147044
-0.201026
-0.251934
-0.305148
-0.346420
-0.302832
-0.167866
0.002203
0.100541
0.111726
0.060817
-0.051406
-0.224164
-0.427788
-0.538463
-0.502208
-0.338703
-0.154749
-0.007050
0.088204
0.127148
0.074318
-0.054490
-0.209894
-0.309780
-0.360678
-0.372247
-0.367242
-0.342172
-0.323665
-0.338703
-0.387680
-0.445142
-0.470585
-0.455163
-0.413134
-0.376879
-0.357989
-0.345256
-0.346024
-0.384596
-0.458632
-0.530363
-0.508772
-0.399249
-0.231880
-0.109252
-0.041373
-0.035205
-0.086882
-0.218763
-0.410818
-0.588208
-0.654539
-0.604410
-0.483318
-0.376879
-0.288958
-0.222627
-0.198709
-0.234965
-0.319802
-0.372247
-0.371479
-0.329066
-0.292811
-0.279694
-0.269672
-0.261187
-0.256555
-0.285094
-0.331371
-0.366858
-0.371479
-0.370710
-0.386912
-0.412355
-0.422388
-0.417755
-0.410050
-0.400017
-0.365310
-0.295895
-0.201805
-0.114641
-0.054490
-0.018235
-0.001265
0.001819
-0.011298
-0.013603
0.018789
0.085887
0.149902
0.179209
0.164556
0.136796
0.129080
0.202347
0.405972
0.797775
1.406309
2.243921
3.298263
4.472918
5.639855
6.607045
7.254918
7.483985
7.258770
6.625551
5.689217
4.644907
3.609083
2.692802
1.929237
1.363128
0.955891
0.655093
0.407508
0.242455
0.167640
0.150670
0.125227
0.074318
0.021105
-0.026720
-0.093819
-0.190236
-0.278925
-0.316717
-0.288958
-0.231112
-0.167098
-0.104620
-0.047542
-0.012066
-0.022088
-0.069144
-0.105388
-0.103851
-0.071449
-0.049858
-0.049858
-0.053711
-0.059879
-0.072996
-0.106156
-0.120041
-0.078397
0.018009
0.118279
0.170724
0.177673
0.158387
0.114426
0.026494
-0.086113
-0.133927
-0.056795
0.118279
0.286416
0.398255
0.471523
0.510094
0.459185
0.291048
0.074318
-0.051406
-0.058343
-0.002813
0.021873
0.035758
0.061981
0.077403
0.028042
-0.079933
-0.170950
-0.200257
-0.191004
-0.177119
-0.177119
-0.177119
-0.178667
-0.194089
-0.209510
-0.217227
-0.186372
-0.140095
-0.099987
-0.084566
-0.084566
-0.084566
-0.084566
-0.084566
-0.084566
-0.067596
-0.030572
0.007988
0.012620
-0.029036
-0.087650
-0.143180
-0.194089
-0.249618
-0.302064
-0.320581
-0.298979
-0.246534
-0.187920
-0.127758
-0.066059
0.011072
0.112878
0.256341
0.492345
0.884160
1.417878
1.953155
2.301767
2.423627
2.355760
2.119745
1.704803
1.160272
0.666662
0.335009
0.173040
0.092824
0.018789
-0.064512
-0.137011
-0.200257
-0.268124
-0.352973
-0.413134
-0.417755
-0.376111
-0.326750
-0.285094
-0.246534
-0.220311
-0.212595
-0.235733
-0.248082
-0.231112
-0.184836
-0.140095
-0.132390
-0.161697
-0.218763
-0.294358
-0.382280
-0.470201
-0.513393
-0.496423
-0.428556
-0.376111
-0.337539
-0.328286
-0.317497
-0.332919
-0.348340
-0.339087
-0.275841
-0.181751
-0.098451
-0.070680
-0.092282
-0.137011
-0.189456
-0.252703
-0.322118
-0.342172
-0.286642
-0.178667
-0.089198
-0.046006
-0.038289
-0.053711
-0.123126
-0.241902
-0.377647
-0.445526
-0.442442
-0.385364
-0.329834
-0.291263
-0.289726
-0.312865
-0.368394
-0.434725
-0.499508
-0.536531
-0.539616
-0.508772
-0.456327
-0.391533
-0.339087
-0.295895
-0.248082
-0.192541
-0.150896
-0.147812
-0.163234
-0.161697
-0.149348
-0.149348
-0.158613
-0.146264
-0.101535
-0.046006
0.004903
0.058897
0.105173
0.131396
0.112878
0.058897
-0.005898
-0.066059
-0.109252
-0.146264
-0.166318
-0.163234
-0.147812
-0.135474
-0.163234
-0.217227
-0.286642
-0.348340
-0.386912
-0.397701
-0.349888
-0.241902
-0.092282
0.054264
0.168408
0.240919
0.259425
0.219317
0.132932
0.041927
-0.032120
-0.070680
-0.101535
-0.133927
-0.184836
-0.251166
-0.329834
-0.419303
-0.496423
-0.555049
-0.576639
-0.564302
-0.533447
-0.508772
-0.501056
-0.496423
-0.485634
-0.485634
-0.490255
-0.487170
-0.451695
-0.405418
-0.373027
-0.360678
-0.345256
-0.329834
-0.315949
-0.311317
-0.283558
-0.234197
-0.186372
-0.167866
-0.186372
-0.228028
-0.297443
-0.380732
-0.474833
-0.553501
-0.632169
-0.689247
-0.741692
-0.783348
-0.837330
-0.905208
-0.973075
-1.025521
-1.050207
-1.056376
-1.051743
-1.027068
-0.979244
-0.922178
-0.878985
-0.852763
-0.852763
-0.874353
-0.925262
-0.979244
-1.019352
-1.027068
