-1.582843542098999023e+00
-1.586543560028076172e+00
-1.589040637016296387e+00
-1.591139197349548340e+00
-1.592522025108337402e+00
-1.593424677848815918e+00
-1.592437267303466797e+00
-1.589719414710998535e+00
-1.585394740104675293e+00
-1.579796910285949707e+00
-1.574355602264404297e+00
-1.571297764778137207e+00
-1.569959521293640137e+00
-1.568434596061706543e+00
-1.564138770103454590e+00
-1.556135058403015137e+00
-1.537235975265502930e+00
-1.475610375404357910e+00
-1.333363890647888184e+00
-1.081899046897888184e+00
-7.414022088050842285e-01
-3.476613461971282959e-01
6.527709960937500000e-02
4.711598753929138184e-01
8.309956789016723633e-01
1.105496168136596680e+00
1.289495825767517090e+00
1.419278979301452637e+00
1.531753063201904297e+00
1.640908360481262207e+00
1.739852905273437500e+00
1.821107029914855957e+00
1.881912231445312500e+00
1.917753100395202637e+00
1.928023815155029297e+00
1.915284991264343262e+00
1.892405748367309570e+00
1.860765337944030762e+00
1.821565032005310059e+00
1.764182329177856445e+00
1.699433684349060059e+00
1.642202377319335938e+00
1.613277435302734375e+00
1.609923243522644043e+00
1.621114611625671387e+00
1.634853839874267578e+00
1.653696298599243164e+00
1.670605063438415527e+00
1.674293518066406250e+00
1.666933178901672363e+00
1.665359258651733398e+00
1.689756035804748535e+00
1.733184814453125000e+00
1.786642432212829590e+00
1.846141576766967773e+00
1.902115345001220703e+00
1.933278441429138184e+00
1.923616051673889160e+00
1.878990650177001953e+00
1.818275928497314453e+00
1.743786573410034180e+00
1.659507274627685547e+00
1.578511595726013184e+00
1.522940039634704590e+00
1.499684691429138184e+00
1.493727564811706543e+00
1.488439917564392090e+00
1.480794310569763184e+00
1.478326439857482910e+00
1.482118725776672363e+00
1.484894871711730957e+00
1.480968236923217773e+00
1.477320313453674316e+00
1.488713622093200684e+00
1.525156617164611816e+00
1.580226659774780273e+00
1.639032959938049316e+00
1.689685106277465820e+00
1.736712694168090820e+00
1.780395507812500000e+00
1.808874487876892090e+00
1.803424119949340820e+00
1.771044969558715820e+00
1.739760279655456543e+00
1.734562158584594727e+00
1.746071338653564453e+00
1.757775902748107910e+00
1.753987669944763184e+00
1.734928369522094727e+00
1.698588013648986816e+00
1.648531079292297363e+00
1.598691821098327637e+00
1.565384984016418457e+00
1.553684473037719727e+00
1.554532885551452637e+00
1.549884080886840820e+00
1.532865405082702637e+00
1.502380371093750000e+00
1.468845605850219727e+00
1.433103442192077637e+00
1.398099780082702637e+00
1.361360669136047363e+00
1.328603148460388184e+00
1.295629858970642090e+00
1.256439208984375000e+00
1.206315159797668457e+00
1.153556346893310547e+00
1.113073706626892090e+00
1.091713428497314453e+00
1.085184693336486816e+00
1.081323266029357910e+00
1.072375535964965820e+00
1.041398167610168457e+00
9.756957888603210449e-01
8.642700314521789551e-01
7.206258177757263184e-01
5.638793706893920898e-01
4.117024838924407959e-01
2.791381776332855225e-01
1.801391541957855225e-01
1.265380829572677612e-01
1.116658523678779602e-01
1.185506209731101990e-01
1.351765990257263184e-01
1.646240204572677612e-01
2.136108428239822388e-01
2.861613035202026367e-01
3.682210147380828857e-01
4.480997622013092041e-01
5.110718011856079102e-01
5.534586310386657715e-01
5.666544437408447266e-01
5.494832396507263184e-01
5.210693478584289551e-01
5.089843869209289551e-01
5.309610962867736816e-01
5.658894777297973633e-01
5.808471441268920898e-01
5.458251833915710449e-01
4.491943418979644775e-01
2.920328676700592041e-01
8.909098058938980103e-02
-1.257161498069763184e-01
-3.163045346736907959e-01
-4.485799074172973633e-01
-5.017822384834289551e-01
-4.730183780193328857e-01
-3.839762508869171143e-01
-2.759195864200592041e-01
-1.776814758777618408e-01
-9.654948115348815918e-02
-2.920328825712203979e-02
1.966552808880805969e-02
4.273274913430213928e-02
4.994710162281990051e-02
6.435547024011611938e-02
9.302978217601776123e-02
1.260986328125000000e-01
1.462524384260177612e-01
1.592081636190414429e-01
1.712849885225296021e-01
1.758829802274703979e-01
1.549926698207855225e-01
1.044311523437500000e-01
4.808756336569786072e-02
7.580566219985485077e-03
-8.369954302906990051e-03
-7.926432415843009949e-03
4.740396980196237564e-03
2.579752542078495026e-02
4.314778745174407959e-02
3.979085385799407959e-02
8.113606832921504974e-03
-3.394368663430213928e-02
-6.301676481962203979e-02
-6.437988579273223877e-02
-4.540608823299407959e-02
-1.534016896039247513e-02
1.732584647834300995e-02
4.307454451918601990e-02
5.517171323299407959e-02
5.304361879825592041e-02
5.404052883386611938e-02
7.084553688764572144e-02
1.037272140383720398e-01
1.312174499034881592e-01
1.257527619600296021e-01
6.810709834098815918e-02
-3.819986805319786072e-02
-1.755737364292144775e-01
-3.247843384742736816e-01
-4.691935181617736816e-01
-5.882161259651184082e-01
-6.612711548805236816e-01
-6.822509765625000000e-01
-6.619262695312500000e-01
-6.158528923988342285e-01
-5.527099370956420898e-01
-4.810221493244171143e-01
-4.095581173896789551e-01
-3.532389402389526367e-01
-3.241780698299407959e-01
-3.324503600597381592e-01
-3.814493715763092041e-01
-4.655192196369171143e-01
-5.763021111488342285e-01
-7.033731937408447266e-01
-8.357747197151184082e-01
-9.618327021598815918e-01
-1.072412133216857910e+00
-1.163464307785034180e+00
-1.232462525367736816e+00
-1.276839137077331543e+00
-1.292751073837280273e+00
-1.279589891433715820e+00
-1.238966822624206543e+00
-1.171502709388732910e+00
-1.079197168350219727e+00
-9.652628302574157715e-01
-8.404500484466552734e-01
-7.086771726608276367e-01
-5.652648806571960449e-01
-4.035502076148986816e-01
-2.281331419944763184e-01
-5.347493663430213928e-02
1.110616028308868408e-01
2.636556029319763184e-01
3.996215760707855225e-01
5.064331293106079102e-01
5.758666992187500000e-01
6.114074587821960449e-01
6.288614869117736816e-01
6.379028558731079102e-01
6.428059935569763184e-01
6.442606449127197266e-01
6.508809328079223633e-01
6.730102300643920898e-01
7.150776982307434082e-01
7.618835568428039551e-01
8.020161986351013184e-01
8.278238773345947266e-01
8.486979007720947266e-01
8.601196408271789551e-01
8.561238646507263184e-01
8.431721925735473633e-01
8.414224982261657715e-01
8.619995117187500000e-01
8.911336064338684082e-01
9.121175408363342285e-01
9.241983890533447266e-01
9.300374388694763184e-01
9.251586794853210449e-01
9.028198122978210449e-01
8.684610724449157715e-01
8.320760130882263184e-01
7.964477539062500000e-01
7.528727054595947266e-01
6.946451663970947266e-01
6.169108152389526367e-01
5.211832523345947266e-01
4.063028991222381592e-01
2.760050594806671143e-01
1.382120698690414429e-01
8.634439669549465179e-03
-9.569092094898223877e-02
-1.701904237270355225e-01
-2.223063111305236816e-01
-2.662882506847381592e-01
-3.090698122978210449e-01
-3.546590209007263184e-01
-4.098592102527618408e-01
-4.769043028354644775e-01
-5.530395507812500000e-01
-6.298868656158447266e-01
-7.045450806617736816e-01
-7.791178226470947266e-01
-8.527709841728210449e-01
-9.218057990074157715e-01
-9.795450568199157715e-01
-1.023075342178344727e+00
-1.052148461341857910e+00
-1.065795898437500000e+00
-1.065401196479797363e+00
-1.055859327316284180e+00
-1.045100927352905273e+00
-1.039961695671081543e+00
-1.044002294540405273e+00
-1.060675024986267090e+00
-1.090783715248107910e+00
-1.129933714866638184e+00
-1.167801976203918457e+00
-1.193473339080810547e+00
-1.200531005859375000e+00
-1.187251806259155273e+00
-1.153991699218750000e+00
-1.101715087890625000e+00
-1.028251171112060547e+00
-9.409037232398986816e-01
-8.523661494255065918e-01
-7.759134769439697266e-01
-7.088562250137329102e-01
-6.487406492233276367e-01
-6.073588132858276367e-01
-6.036763787269592285e-01
-6.347188353538513184e-01
-6.812235713005065918e-01
-7.318420410156250000e-01
-7.922688722610473633e-01
-8.650309443473815918e-01
-9.397115111351013184e-01
-1.008479833602905273e+00
-1.073541283607482910e+00
-1.135908961296081543e+00
-1.188950657844543457e+00
-1.221331834793090820e+00
-1.227685570716857910e+00
-1.209495067596435547e+00
-1.170007348060607910e+00
-1.112347364425659180e+00
-1.035282373428344727e+00
-9.405517578125000000e-01
-8.397745490074157715e-01
-7.517150640487670898e-01
-6.928405761718750000e-01
-6.654785275459289551e-01
-6.656941771507263184e-01
-6.900573968887329102e-01
-7.311767339706420898e-01
-7.756205201148986816e-01
-8.013000488281250000e-01
-7.975321412086486816e-01
-7.594889402389526367e-01
-6.936218142509460449e-01
-6.086730957031250000e-01
-5.212972164154052734e-01
-4.448974728584289551e-01
-3.859090209007263184e-01
-3.454630672931671143e-01
-3.257405459880828857e-01
-3.249552547931671143e-01
-3.339802920818328857e-01
-3.434753417968750000e-01
-3.517110049724578857e-01
-3.668884336948394775e-01
-3.955342471599578857e-01
-4.389668703079223633e-01
-4.925537109375000000e-01
-5.505961179733276367e-01
-6.086446046829223633e-01
-6.611775755882263184e-01
-7.028259038925170898e-01
-7.298726439476013184e-01
-7.422505617141723633e-01
-7.441243529319763184e-01
-7.378255128860473633e-01
-7.258880734443664551e-01
-7.097452878952026367e-01
-6.962951421737670898e-01
-6.926066279411315918e-01
-7.076802849769592285e-01
-7.464264035224914551e-01
-8.077392578125000000e-01
-8.808949589729309082e-01
-9.511026740074157715e-01
-1.008039355278015137e+00
-1.043658494949340820e+00
-1.052740454673767090e+00
-1.032930493354797363e+00
-9.948750734329223633e-01
-9.576528072357177734e-01
-9.383331537246704102e-01
-9.410990476608276367e-01
-9.640197753906250000e-01
-1.005121827125549316e+00
-1.063928246498107910e+00
-1.131951928138732910e+00
-1.192087769508361816e+00
-1.227849364280700684e+00
-1.234499096870422363e+00
-1.211620569229125977e+00
-1.157712340354919434e+00
-1.065858006477355957e+00
-9.420039057731628418e-01
-8.071238398551940918e-01
-6.875060796737670898e-01
-5.982813239097595215e-01
-5.373489260673522949e-01
-4.979492127895355225e-01
-4.777593016624450684e-01
-4.764266908168792725e-01
-4.912678897380828857e-01
-5.135523676872253418e-01
-5.405777096748352051e-01
-5.695927739143371582e-01
-5.991857051849365234e-01
-6.191655397415161133e-01
-6.245437860488891602e-01
-6.117289066314697266e-01
-5.825189948081970215e-01
-5.396575927734375000e-01
-4.896466434001922607e-01
-4.370516538619995117e-01
-3.756917417049407959e-01
-2.994155883789062500e-01
-2.028681486845016479e-01
-9.212087094783782959e-02
2.737986296415328979e-02
1.359456330537796021e-01
2.079630494117736816e-01
2.273811399936676025e-01
2.023958861827850342e-01
1.558273285627365112e-01
9.794566035270690918e-02
3.084513358771800995e-02
-3.788477554917335510e-02
-9.252014011144638062e-02
-1.239639297127723694e-01
-1.393941193819046021e-01
-1.439404785633087158e-01
-1.314427703619003296e-01
-8.480250090360641479e-02
1.232910202816128731e-03
1.153793334960937500e-01
2.377911955118179321e-01
3.550448119640350342e-01
4.541910886764526367e-01
5.242825746536254883e-01
5.550826787948608398e-01
5.542831420898437500e-01
5.335978269577026367e-01
5.074824094772338867e-01
4.833501279354095459e-01
4.721206724643707275e-01
4.769800901412963867e-01
4.974324405193328857e-01
5.232604742050170898e-01
5.529866814613342285e-01
5.835693478584289551e-01
6.114572882652282715e-01
6.289682984352111816e-01
6.344197392463684082e-01
6.330810785293579102e-01
6.333684325218200684e-01
6.350641846656799316e-01
6.357706785202026367e-01
6.288162469863891602e-01
6.124150753021240234e-01
5.872477293014526367e-01
5.543309450149536133e-01
5.155599117279052734e-01
4.724690616130828857e-01
4.320760071277618408e-01
4.087931215763092041e-01
4.119313657283782959e-01
4.455159604549407959e-01
5.006856322288513184e-01
5.713887810707092285e-01
6.518432497978210449e-01
7.367197871208190918e-01
8.154927492141723633e-01
8.509368896484375000e-01
8.014729619026184082e-01
6.305216550827026367e-01
3.550150692462921143e-01
1.337483711540699005e-02
-3.529429137706756592e-01
-7.122629880905151367e-01
-1.024324536323547363e+00
-1.246230006217956543e+00
-1.365646362304687500e+00
-1.413323998451232910e+00
-1.430593848228454590e+00
-1.445232629776000977e+00
-1.460691332817077637e+00
-1.474501490592956543e+00
-1.482349634170532227e+00
-1.484644055366516113e+00
-1.481713414192199707e+00
-1.477451086044311523e+00
-1.471866369247436523e+00
-1.466880559921264648e+00
-1.461897253990173340e+00
-1.459804058074951172e+00
-1.459292888641357422e+00
-1.458482384681701660e+00
-1.454406142234802246e+00
