-0.898110
-0.996964
-1.018919
-0.913145
-0.682824
-0.465660
-0.290283
-0.151675
-0.073450
-0.142411
-0.375252
-0.676545
-0.866448
-0.913609
-0.847102
-0.771176
-0.704758
-0.623061
-0.562303
-0.547975
-0.637587
-0.708538
-0.660803
-0.448922
-0.206862
-0.054789
-0.016096
-0.048377
-0.181767
-0.430615
-0.758330
-1.012109
-1.132300
-1.122859
-1.022855
-0.873435
-0.707787
-0.588923
-0.508531
-0.474194
-0.440233
-0.358735
-0.194590
-0.008932
0.083134
0.082006
0.061245
0.035597
-0.058371
-0.236467
-0.363644
-0.349670
-0.230431
-0.154218
-0.174581
-0.255349
-0.326278
-0.382128
-0.453079
-0.507403
-0.444766
-0.228927
0.085411
0.346907
0.519719
0.607274
0.600487
0.468401
0.193706
-0.116476
-0.376092
-0.543642
-0.608535
-0.597966
-0.494580
-0.375340
-0.247036
-0.134584
-0.041766
0.016339
0.016339
-0.009308
-0.083266
-0.197222
-0.322497
-0.410053
-0.442510
-0.457589
-0.436474
-0.325526
-0.133080
0.060869
0.125032
0.085787
0.008800
-0.050057
-0.134584
-0.278741
-0.382880
-0.364772
-0.210068
-0.060626
-0.003272
-0.021380
-0.064407
-0.130825
-0.270428
-0.451553
-0.586646
-0.630424
-0.627395
-0.622110
-0.605506
-0.543642
-0.464399
-0.422125
-0.438730
-0.462122
-0.435701
-0.370056
-0.316461
-0.326278
-0.358735
-0.374588
-0.380624
-0.420621
-0.516469
-0.531548
-0.403265
-0.166290
-0.001769
0.026908
-0.019877
-0.102900
-0.262888
-0.516469
-0.751918
-0.842481
-0.777588
-0.644751
-0.513439
-0.397229
-0.287033
-0.231183
-0.247787
-0.318738
-0.348919
-0.335343
-0.311177
-0.341379
-0.412308
-0.524008
-0.658349
-0.812301
-0.939080
-1.034175
-1.080960
-1.100594
-1.061348
-0.991923
-0.910403
-0.842481
-0.767020
-0.649284
-0.511936
-0.391193
-0.309673
-0.244780
-0.179865
-0.148182
-0.148182
-0.176858
-0.202506
-0.238744
-0.284026
-0.318738
-0.338350
-0.357984
-0.403265
-0.451553
-0.453079
-0.422877
-0.395703
-0.388164
-0.338350
-0.157225
0.195961
0.799720
1.635922
2.671335
3.687160
4.453914
4.767876
4.577686
4.028273
3.308304
2.594371
1.978539
1.500078
1.217821
1.069905
0.952169
0.768014
0.525003
0.348410
0.250308
0.220105
0.171817
0.082758
-0.036482
-0.167793
-0.274961
-0.376092
-0.453079
-0.489295
-0.459115
-0.377595
-0.290062
-0.223643
-0.184398
-0.190434
-0.241751
-0.339876
-0.419870
-0.457589
-0.439481
-0.392696
-0.314206
-0.207038
-0.069691
0.058614
0.159745
0.242746
0.349914
0.487283
0.633674
0.771044
0.918960
1.057811
1.157439
1.186116
1.192152
1.244972
1.373277
1.563468
1.753636
1.922689
2.072131
2.191371
2.239659
2.171737
2.014756
1.860803
1.770241
1.730995
1.676671
1.586108
1.483473
1.374780
1.202720
0.912924
0.547644
0.212566
0.052578
0.058614
0.185393
0.315201
0.438973
0.529536
0.565752
0.499355
0.375583
0.263883
0.215595
0.206530
0.167285
0.118996
0.088794
0.106902
0.155213
0.212566
0.315201
0.435966
0.529536
0.541608
0.475189
0.384626
0.297093
0.242746
0.194458
0.194458
0.224638
0.272949
0.297093
0.306158
0.345403
0.435966
0.614062
0.928003
1.453271
2.286444
3.336981
4.360344
4.997290
5.184452
5.003326
4.487123
3.632813
2.543053
1.613281
1.042732
0.825368
0.725762
0.638206
0.544637
0.457081
0.345403
0.197465
0.052578
-0.001769
0.049549
0.164278
0.281992
0.378590
0.426901
0.411800
0.312194
0.170314
0.034470
-0.028942
0.007296
0.097859
0.173321
0.206530
0.230674
0.248782
0.233703
0.155213
0.049549
-0.025913
-0.086296
-0.140620
-0.246284
-0.342883
-0.409301
-0.382128
-0.321745
-0.249313
-0.167793
-0.028942
0.167285
0.345403
0.475189
0.544637
0.604997
0.598961
0.520470
0.387655
0.318230
0.357475
0.460110
0.514434
0.499355
0.393691
0.206530
-0.074223
-0.370056
-0.511936
-0.421373
-0.152692
0.115967
0.303129
0.429908
0.526529
0.523500
0.399727
0.233703
0.173321
0.197465
0.215595
0.134075
0.019368
-0.104404
-0.228176
-0.385157
-0.548152
-0.653816
-0.662881
-0.590427
-0.490799
-0.406272
-0.364020
-0.388164
-0.472691
-0.605506
-0.735314
-0.853050
-0.904367
-0.910403
-0.916439
-0.937576
-0.955685
-0.928533
-0.898331
-0.877194
-0.825876
-0.714199
-0.548152
-0.418344
-0.364020
-0.382128
-0.406272
-0.421373
-0.457589
-0.524008
-0.545145
-0.475720
-0.360991
-0.330810
-0.409301
-0.524008
-0.593434
-0.608535
-0.620607
-0.611564
-0.566282
-0.466655
-0.370056
-0.306666
-0.315709
-0.379099
-0.457589
-0.505900
-0.524008
-0.554188
-0.611564
-0.656845
-0.687025
-0.690032
-0.699098
-0.687025
-0.647780
-0.566282
-0.454583
-0.324774
-0.204031
-0.146656
-0.173829
-0.276464
-0.388164
-0.469662
-0.530044
-0.569289
-0.542116
-0.415337
-0.204031
-0.019877
0.094830
0.155213
0.176350
0.106902
-0.086296
-0.379099
-0.644751
-0.862115
-1.019096
-1.145875
-1.236438
-1.278690
-1.311900
-1.360210
-1.447744
-1.544342
-1.598689
-1.613790
-1.604725
-1.601696
-1.571516
-1.514162
-1.456809
-1.453780
-1.480953
-1.490018
-1.435672
-1.369253
-1.299827
