-2.607080
-2.564887
-2.465308
-2.294961
-2.057471
-1.766057
-1.437662
-1.097003
-0.775491
-0.498204
-0.273196
-0.094210
0.049268
0.167094
0.266549
0.352924
0.428244
0.493718
0.550799
0.600979
0.646250
0.687550
0.725497
0.760168
0.791163
0.818876
0.843275
0.864948
0.883958
0.900142
0.913490
0.923440
0.929941
0.933590
0.936215
0.939285
0.943195
0.948417
0.955569
0.963912
0.970730
0.974117
0.974990
0.975513
0.976942
0.979006
0.981564
0.984640
0.988510
0.992737
0.996575
0.999400
1.001992
1.004528
1.006319
1.005940
1.003438
0.999789
0.995596
0.991225
0.987888
0.986898
0.988210
0.990201
0.991892
0.993905
0.996597
0.998622
0.998577
0.996853
0.995729
0.996185
0.997732
0.999378
1.000190
1.000034
0.997832
0.992281
0.982093
0.967844
0.952827
0.939413
0.927333
0.914886
0.902495
0.892206
0.884609
0.877423
0.869415
0.860827
0.853197
0.846345
0.839660
0.832708
0.825845
0.819082
0.812998
0.806913
0.800128
0.791252
0.780907
0.770296
0.759284
0.747048
0.733233
0.719263
0.706048
0.693946
0.683468
0.675193
0.669230
0.665382
0.663224
0.662001
0.660488
0.659064
0.658486
0.658486
0.657240
0.654504
0.652524
0.652279
0.652613
0.652012
0.651144
0.651144
0.651722
0.653124
0.656772
0.663357
0.672034
0.682267
0.693857
0.705314
0.713345
0.717105
0.718595
0.719307
0.718706
0.715125
0.707783
0.696193
0.679263
0.656283
0.627296
0.592792
0.554083
0.510481
0.460226
0.400316
0.328283
0.242478
0.139544
0.014386
-0.141138
-0.338063
-0.585954
-0.885413
-1.220688
-1.563927
-1.885298
-2.161131
-2.375141
-2.517029
-2.581120
-2.565237
-2.470801
-2.302685
-2.069877
-1.783276
-1.460793
-1.129233
-0.820120
-0.556188
-0.343558
-0.176443
-0.044700
0.061504
0.150245
0.226928
0.293467
0.350663
0.399471
0.440938
0.476977
0.508055
0.535263
0.558711
0.579200
0.597397
0.613303
0.627296
0.639176
0.648653
0.655371
0.658842
0.659820
0.659375
0.659064
0.659687
0.661555
0.665115
0.670855
0.677662
0.683624
0.687050
0.689052
0.691544
0.696082
0.701955
0.708362
0.715303
0.724335
0.735992
0.749607
0.763622
0.778438
0.794188
0.810117
0.823998
0.834454
0.841929
0.847179
0.851317
0.855144
0.859148
0.863241
0.867290
0.871784
0.877835
0.885220
0.892962
0.899681
0.905687
0.912139
0.919703
0.928468
0.937455
0.945686
0.952316
0.956542
0.956988
0.952850
0.944218
0.934474
0.925487
0.918101
0.910982
0.904397
0.899414
0.896388
0.893719
0.891049
0.888024
0.885577
0.882729
0.879570
0.875744
0.871428
0.866979
0.863285
0.860305
0.856790
0.851495
0.844955
0.837302
0.827246
0.814032
0.798994
0.784355
0.770474
0.756903
0.744446
0.733189
0.723845
0.716193
0.710898
0.707205
0.704046
0.702266
0.701777
0.701287
0.698218
0.692834
0.688340
0.686027
0.684825
0.683179
0.681266
0.679619
0.676950
0.673702
0.670587
0.669119
0.668319
0.669208
0.671566
0.674681
0.675882
0.674325
0.670499
0.663825
0.653680
0.639932
0.623425
0.604293
0.581558
0.555084
0.524740
0.490303
0.451283
0.406434
0.354645
0.294134
0.222901
0.138499
0.036388
-0.088992
-0.246452
-0.446981
-0.698721
-0.998780
-1.327315
-1.655849
-1.957599
-2.212676
-2.407198
-2.534537
-2.602433
-2.631575
-2.643276
-2.649817
-2.652531
-2.650885
-2.644789
-2.634868
-2.620319
-2.599406
-2.571554
-2.536983
-2.495517
-2.446084
-2.387666
-2.318969
-2.231586
-2.105093
-1.922094
-1.682145
-1.410516
-1.134572
-0.875624
-0.654318
-0.492453
-0.403557
-0.373924
-0.377127
-0.390831
-0.406804
-0.423801
-0.441108
-0.457615
-0.471986
-0.484355
-0.495479
-0.507848
-0.521907
-0.537747
-0.554342
-0.572050
-0.590025
-0.607200
-0.622416
-0.636209
-0.650180
-0.664907
-0.680702
-0.697565
-0.714561
-0.730845
-0.744816
-0.756562
-0.765905
-0.772490
-0.775160
-0.774181
-0.770087
-0.763325
-0.753536
-0.740366
-0.724616
-0.705484
-0.683416
-0.660457
-0.639813
-0.623884
-0.613206
-0.609469
-0.613562
-0.624240
-0.637232
-0.649601
-0.659657
-0.668466
-0.675496
-0.680835
-0.683238
-0.682882
-0.680390
-0.677098
-0.673983
-0.671759
-0.670335
-0.669979
-0.670513
-0.671670
-0.672560
-0.672382
-0.671491
-0.670869
-0.671581
-0.673361
-0.674873
-0.675585
-0.677009
-0.681992
-0.692670
-0.710379
-0.734583
-0.763413
-0.792957
-0.818763
-0.837717
-0.847594
-0.849730
-0.846348
-0.841988
-0.838161
-0.834780
-0.829263
-0.820453
-0.808440
-0.793491
-0.776227
-0.758431
-0.743748
-0.735917
-0.734849
-0.738142
-0.742235
-0.745705
-0.748286
-0.748019
-0.743481
-0.734137
-0.721057
-0.704416
-0.684217
-0.662326
-0.643461
-0.630470
-0.625219
-0.627800
-0.638567
-0.655741
-0.675229
-0.693916
-0.710022
-0.723103
-0.733159
-0.740278
-0.746151
-0.751846
-0.759587
-0.769909
-0.783079
-0.798118
-0.813245
-0.827216
-0.838962
-0.849107
-0.857293
-0.863789
-0.868950
-0.874378
-0.880518
-0.886391
