-2.547087
-2.529351
-2.481262
-2.384924
-2.232023
-2.021934
-1.759774
-1.462882
-1.156665
-0.869264
-0.619282
-0.412871
-0.246677
-0.111480
0.001283
0.098349
0.183106
0.257669
0.322889
0.379001
0.427634
0.471161
0.511864
0.549999
0.585530
0.619336
0.652310
0.684393
0.714232
0.740482
0.761972
0.778037
0.788835
0.795872
0.801232
0.806071
0.810911
0.815712
0.821410
0.827042
0.830431
0.829433
0.825278
0.821670
0.821124
0.823801
0.829179
0.837262
0.848367
0.860363
0.870708
0.877726
0.882360
0.885795
0.888191
0.888297
0.886221
0.883025
0.880455
0.879110
0.879283
0.881653
0.886899
0.894356
0.903131
0.911732
0.919761
0.925846
0.929881
0.932131
0.934021
0.935699
0.936871
0.937004
0.936431
0.935632
0.935047
0.934021
0.932210
0.929161
0.926245
0.924248
0.923023
0.921679
0.920360
0.920733
0.923929
0.929175
0.935153
0.940839
0.946444
0.951770
0.956377
0.958960
0.959359
0.958294
0.957895
0.958614
0.959440
0.959679
0.959732
0.960292
0.959919
0.958135
0.955924
0.955259
0.956111
0.957842
0.960345
0.963434
0.966709
0.970065
0.974246
0.978932
0.983034
0.986282
0.988972
0.990090
0.988200
0.983620
0.978853
0.975205
0.972142
0.968786
0.965272
0.962076
0.959386
0.957416
0.955951
0.954300
0.951504
0.948148
0.943621
0.936645
0.924901
0.909375
0.891853
0.873452
0.853027
0.829806
0.803495
0.773270
0.737479
0.694792
0.644648
0.586648
0.521112
0.448865
0.370733
0.285544
0.190715
0.082704
-0.043361
-0.194246
-0.379856
-0.608900
-0.883613
-1.192520
-1.512664
-1.816591
-2.080759
-2.289084
-2.433738
-2.517915
-2.550909
-2.541003
-2.487877
-2.383461
-2.221498
-2.001056
-1.732813
-1.435704
-1.135478
-0.856477
-0.615105
-0.416339
-0.256161
-0.125887
-0.017184
0.075435
0.154739
0.222059
0.279792
0.329963
0.374861
0.415072
0.451395
0.484256
0.514721
0.542842
0.567768
0.589391
0.608618
0.626566
0.642065
0.653090
0.658415
0.659268
0.657616
0.654261
0.649308
0.643236
0.638284
0.634821
0.631519
0.625927
0.618364
0.611014
0.605902
0.602812
0.600682
0.599564
0.600150
0.601747
0.602492
0.601055
0.598605
0.595462
0.591042
0.584118
0.575597
0.567288
0.560098
0.554346
0.551150
0.551417
0.554879
0.559566
0.565371
0.572933
0.582414
0.593279
0.604996
0.618790
0.634129
0.650213
0.665605
0.679666
0.692023
0.702568
0.711302
0.717747
0.721315
0.722221
0.722487
0.723499
0.726428
0.731328
0.738784
0.748797
0.760941
0.773616
0.785600
0.795879
0.804827
0.813508
0.822083
0.829699
0.835238
0.838380
0.840563
0.842321
0.844399
0.846689
0.848925
0.850257
0.849351
0.846795
0.843227
0.839658
0.836037
0.833746
0.833906
0.835824
0.838380
0.840777
0.843706
0.847061
0.850470
0.855050
0.860590
0.865543
0.867993
0.867940
0.867407
0.866768
0.865702
0.864051
0.861974
0.860377
0.858885
0.858566
0.859098
0.860110
0.860909
0.862187
0.862879
0.860590
0.852121
0.838434
0.821018
0.801151
0.777930
0.751407
0.722008
0.690158
0.654794
0.615062
0.570856
0.522177
0.468598
0.408734
0.340987
0.263175
0.172580
0.065421
-0.062881
-0.218133
-0.408590
-0.641974
-0.919457
-1.227991
-1.542543
-1.835365
-2.086005
-2.281468
-2.417600
-2.497064
-2.534718
-2.550057
-2.559324
-2.568698
-2.574823
-2.575036
-2.569551
-2.562520
-2.556022
-2.549684
-2.542974
-2.535624
-2.526783
-2.513574
-2.490992
-2.455575
-2.396296
-2.291588
-2.119718
-1.878186
-1.594631
-1.301010
-1.022089
-0.779438
-0.596757
-0.489598
-0.444327
-0.431758
-0.427071
-0.420680
-0.412585
-0.403957
-0.396394
-0.390535
-0.387872
-0.389789
-0.397139
-0.409282
-0.423982
-0.439960
-0.455938
-0.471703
-0.486509
-0.499717
-0.511115
-0.521340
-0.530714
-0.539130
-0.545840
-0.550421
-0.553403
-0.556066
-0.559155
-0.562670
-0.566186
-0.569381
-0.572151
-0.574707
-0.577263
-0.580566
-0.584720
-0.589407
-0.593455
-0.596650
-0.601124
-0.608687
-0.620191
-0.634145
-0.649484
-0.665356
-0.680588
-0.693583
-0.701465
-0.704448
-0.702957
-0.699654
-0.695607
-0.692091
-0.689109
-0.688044
-0.688683
-0.692091
-0.696246
-0.700933
-0.704767
-0.707217
-0.708602
-0.709028
-0.709028
-0.708709
-0.708389
-0.707643
-0.706045
-0.703276
-0.700400
-0.697098
-0.693796
-0.689748
-0.685807
-0.682078
-0.679096
-0.677285
-0.676433
-0.676433
-0.676433
-0.676433
-0.675900
-0.674835
-0.673770
-0.674196
-0.675261
-0.675474
-0.673877
-0.670255
-0.665142
-0.658751
-0.652359
-0.646927
-0.642986
-0.640004
-0.636914
-0.632121
-0.625837
-0.618593
-0.611350
-0.603681
-0.594413
-0.582270
-0.567570
-0.551699
-0.537638
-0.526348
-0.518891
-0.515589
-0.517932
-0.525176
-0.533697
-0.539556
-0.541899
-0.542219
-0.540834
-0.537318
-0.530821
-0.523365
-0.516654
-0.511861
-0.508665
-0.506108
-0.504404
-0.502594
-0.501528
-0.500676
-0.499717
-0.498652
-0.497374
-0.496203
-0.495137
-0.493539
