-2.683251
-2.654118
-2.586569
-2.462910
-2.278580
-2.040345
-1.761919
-1.463188
-1.169469
-0.905759
-0.686725
-0.512580
-0.374048
-0.259290
-0.160199
-0.071839
0.008223
0.080995
0.147019
0.206772
0.262165
0.313792
0.361068
0.402991
0.440876
0.476306
0.509377
0.538149
0.562504
0.583694
0.603093
0.619439
0.631759
0.640841
0.649350
0.658266
0.667450
0.677144
0.688972
0.703141
0.717294
0.729085
0.738020
0.745455
0.751870
0.757573
0.762731
0.768269
0.774814
0.782332
0.790146
0.797925
0.806509
0.816339
0.826762
0.835039
0.840481
0.843055
0.844963
0.846861
0.850845
0.857663
0.868062
0.880145
0.893153
0.905959
0.918089
0.927931
0.935935
0.943832
0.952820
0.961939
0.969634
0.976132
0.981480
0.985618
0.987373
0.986567
0.982274
0.974377
0.964073
0.953069
0.942124
0.930895
0.920342
0.912718
0.908959
0.908508
0.909824
0.911710
0.912765
0.911544
0.906789
0.897184
0.882754
0.865086
0.848153
0.834162
0.824296
0.817774
0.813766
0.809474
0.801957
0.789719
0.774019
0.756376
0.737878
0.719380
0.702898
0.689001
0.677001
0.666234
0.656416
0.648709
0.641499
0.635239
0.629239
0.623191
0.615627
0.605643
0.595255
0.584987
0.574955
0.564425
0.554109
0.545003
0.537177
0.531438
0.528403
0.528284
0.530774
0.536252
0.544220
0.552853
0.559848
0.564591
0.567129
0.566417
0.561651
0.552948
0.540402
0.523588
0.501059
0.472601
0.438261
0.398159
0.352436
0.300595
0.242018
0.176304
0.102573
0.019002
-0.079488
-0.199391
-0.349532
-0.541103
-0.783329
-1.074385
-1.395464
-1.717397
-2.012674
-2.260592
-2.446637
-2.563316
-2.609465
-2.587410
-2.496463
-2.335555
-2.107985
-1.822953
-1.497653
-1.156866
-0.831210
-0.545751
-0.312086
-0.127393
0.018337
0.136747
0.235829
0.319756
0.390594
0.450237
0.500727
0.542323
0.576401
0.604528
0.629002
0.650820
0.670456
0.688432
0.703894
0.716653
0.727088
0.736099
0.742550
0.743451
0.738044
0.728463
0.718029
0.707594
0.697633
0.689191
0.684874
0.684258
0.684970
0.684116
0.681697
0.679657
0.679183
0.680748
0.683404
0.687341
0.692653
0.699815
0.707736
0.716368
0.726376
0.738613
0.751609
0.762423
0.770391
0.776178
0.781016
0.785427
0.791119
0.800272
0.813458
0.828731
0.844620
0.860414
0.876208
0.891291
0.904904
0.917330
0.928714
0.939290
0.948444
0.956176
0.962484
0.967891
0.972539
0.975480
0.975006
0.970689
0.965045
0.960397
0.957314
0.954848
0.954184
0.956982
0.963480
0.971116
0.978800
0.985915
0.993029
0.998768
1.001567
0.999717
0.993219
0.983970
0.975480
0.969314
0.965899
0.965377
0.967607
0.970737
0.970168
0.964429
0.954800
0.944840
0.935496
0.927196
0.920745
0.916904
0.915433
0.914722
0.913915
0.912255
0.909884
0.908129
0.907465
0.906516
0.903149
0.897694
0.893141
0.889157
0.885173
0.880287
0.876446
0.874358
0.872983
0.872936
0.873979
0.876161
0.878105
0.880667
0.883513
0.885457
0.883750
0.878248
0.868382
0.854200
0.835086
0.812510
0.786992
0.758629
0.726661
0.691230
0.651768
0.606141
0.553351
0.493209
0.427091
0.354001
0.271899
0.177418
0.065957
-0.069124
-0.237692
-0.451554
-0.718207
-1.031911
-1.370326
-1.702196
-2.001101
-2.248593
-2.434234
-2.553521
-2.615892
-2.642785
-2.655781
-2.666121
-2.672524
-2.673140
-2.668302
-2.661093
-2.653410
-2.644588
-2.633916
-2.620872
-2.604177
-2.581079
-2.546597
-2.497602
-2.423942
-2.305082
-2.121337
-1.872802
-1.586845
-1.293821
-1.016686
-0.777068
-0.599015
-0.497372
-0.457056
-0.447712
-0.444630
-0.438985
-0.432203
-0.424187
-0.415650
-0.407397
-0.401942
-0.400235
-0.401088
-0.401705
-0.400756
-0.397579
-0.393262
-0.389373
-0.387571
-0.389658
-0.395539
-0.405595
-0.417926
-0.430258
-0.439365
-0.443064
-0.441926
-0.437562
-0.431776
-0.425610
-0.420108
-0.415745
-0.413373
-0.412804
-0.415081
-0.420298
-0.429214
-0.441072
-0.453404
-0.464218
-0.471618
-0.476645
-0.478353
-0.477689
-0.476835
-0.478542
-0.484898
-0.493340
-0.503206
-0.513261
-0.523317
-0.532518
-0.539822
-0.546842
-0.554241
-0.561735
-0.567617
-0.570557
-0.571600
-0.571126
-0.569609
-0.567332
-0.564486
-0.562304
-0.561830
-0.563727
-0.566667
-0.569324
-0.570652
-0.570462
-0.569609
-0.569039
-0.571316
-0.576723
-0.584122
-0.592754
-0.603189
-0.618841
-0.639995
-0.663805
-0.687615
-0.709907
-0.729733
-0.743393
-0.747662
-0.744152
-0.736658
-0.729164
-0.722333
-0.717306
-0.714176
-0.713417
-0.712564
-0.710666
-0.707820
-0.706302
-0.705733
-0.705354
-0.703552
-0.700326
-0.694445
-0.684959
-0.670729
-0.651283
-0.628137
-0.604707
-0.586209
-0.574921
-0.572075
-0.576059
-0.587632
-0.605086
-0.625196
-0.643789
-0.660295
-0.677370
-0.697291
-0.718634
-0.738270
-0.754017
-0.766728
-0.777827
-0.787598
-0.794997
-0.800499
-0.806001
-0.813684
-0.822981
-0.831993
-0.838728
-0.844040
-0.849163
-0.854285
-0.857320
