-2.447808
-2.599215
-2.693294
-2.742097
-2.760186
-2.779241
-2.799656
-2.821800
-2.841469
-2.853305
-2.853972
-2.847631
-2.839410
-2.833808
-2.830578
-2.830347
-2.834414
-2.841921
-2.850259
-2.854173
-2.853987
-2.850886
-2.846039
-2.838306
-2.829279
-2.821885
-2.817253
-2.811995
-2.803051
-2.789516
-2.773505
-2.756386
-2.740869
-2.728463
-2.720741
-2.717968
-2.718872
-2.719119
-2.708931
-2.676499
-2.612274
-2.509784
-2.367449
-2.191204
-1.991997
-1.783115
-1.565730
-1.345019
-1.126935
-0.922839
-0.729341
-0.535535
-0.338648
-0.151948
0.012035
0.151577
0.271997
0.371735
0.447092
0.498625
0.531815
0.545884
0.548637
0.547364
0.554983
0.565129
0.572051
0.575954
0.582074
0.580800
0.557755
0.505340
0.431893
0.341028
0.233034
0.105076
-0.050240
-0.241170
-0.470057
-0.717182
-0.970387
-1.224372
-1.480042
-1.721293
-1.927997
-2.099580
-2.241463
-2.356646
-2.433544
-2.467762
-2.466324
-2.443238
-2.410540
-2.376240
-2.345596
-2.319881
-2.294865
-2.262783
-2.218788
-2.163743
-2.102373
-2.041866
-1.993805
-1.969856
-1.971745
-1.988300
-2.002676
-2.002060
-1.980125
-1.935514
-1.877389
-1.818237
-1.766067
-1.715008
-1.653021
-1.566757
-1.449562
-1.291699
-1.096168
-0.870197
-0.635930
-0.415998
-0.235829
-0.113212
-0.059892
-0.073860
-0.144883
-0.243799
-0.331254
-0.376440
-0.369744
-0.316672
-0.232051
-0.141967
-0.087332
-0.087045
-0.125700
-0.172076
-0.207157
-0.219974
-0.197298
-0.134120
-0.056155
0.002504
0.019675
-0.004725
-0.067410
-0.153263
-0.236158
-0.285206
-0.288903
-0.258012
-0.208226
-0.159179
-0.131739
-0.140035
-0.184154
-0.242403
-0.295228
-0.327845
-0.330966
-0.307305
-0.261545
-0.212415
-0.177746
-0.174049
-0.199681
-0.240513
-0.283562
-0.322176
-0.346987
-0.342879
-0.306073
-0.255055
-0.210362
-0.187111
-0.185387
-0.202721
-0.231229
-0.250701
-0.244867
-0.204117
-0.139625
-0.070450
-0.011215
0.028220
0.042104
0.028220
-0.002425
-0.028879
-0.037012
-0.027482
-0.011955
-0.000042
0.001108
-0.012284
-0.045392
-0.097726
-0.161807
-0.221863
-0.263353
-0.282823
-0.276497
-0.254069
-0.227286
-0.223261
-0.250454
-0.300076
-0.357503
-0.410083
-0.445410
-0.440481
-0.383547
-0.285945
-0.173392
-0.068478
0.015813
0.077102
0.121960
0.160655
0.202062
0.250616
0.313466
0.387076
0.461920
0.523866
0.571599
0.604872
0.626890
0.638639
0.651619
0.673801
0.706828
0.741580
0.766145
0.774689
0.764748
0.739609
0.704938
0.666325
0.636996
0.625329
0.638803
0.669200
0.704528
0.736075
0.761297
0.777811
0.782822
0.778386
0.779043
0.792106
0.820121
0.854298
0.893980
0.934565
0.966770
0.979832
0.972931
0.961018
0.957733
0.967673
0.988376
1.017214
1.054676
1.092633
1.118347
1.119498
1.096904
1.061331
1.023868
0.989691
0.958472
0.937687
0.932593
0.948860
0.973342
0.997331
1.012695
1.024196
1.032494
1.037260
1.038574
1.041614
1.049747
1.062810
1.076858
1.090907
1.104216
1.113747
1.118101
1.119908
1.125660
1.137490
1.152442
1.168545
1.186126
1.204201
1.217838
1.224410
1.229668
1.235420
1.240021
1.233284
1.220468
1.202722
1.180540
1.147185
1.108570
1.077352
1.062564
1.060264
1.068150
1.081788
1.101176
1.120565
1.136504
1.145212
1.144720
1.139462
1.134368
1.135025
1.138804
1.145377
1.156715
1.174625
1.196150
1.213074
1.223590
1.230490
1.235584
1.237556
1.231804
1.220138
1.202228
1.183333
1.162958
1.142912
1.119745
1.094604
1.067821
1.044982
1.027893
1.021650
1.026579
1.043503
1.069300
1.096412
1.118758
1.128124
1.124674
1.111035
1.098220
1.095098
1.102984
1.116951
1.132725
1.151785
1.171995
1.188262
1.195821
1.200421
1.208802
1.222274
1.237391
1.248400
1.253823
1.246757
1.226383
1.192041
1.148992
1.100848
1.051391
1.007847
0.975806
0.956417
0.942616
0.925363
0.899073
0.859966
0.803115
0.723588
0.617114
0.487307
0.345999
0.220957
0.129435
0.072913
0.031999
0.005873
0.003080
0.027069
0.064533
0.111854
0.184315
0.294077
0.428812
0.565520
0.684810
0.775839
0.831212
0.856352
0.867032
0.875413
0.884778
0.895787
0.917147
0.949353
0.988295
1.022143
1.049090
1.068315
1.080145
1.082281
1.075873
1.063714
1.050569
1.041532
1.040875
1.047775
1.053033
1.047447
1.029866
1.004562
0.977942
0.952146
0.932264
0.924706
0.930785
0.944587
0.952803
0.948366
0.930456
0.905153
0.878534
0.855695
0.840742
0.836799
0.841564
0.851258
0.860625
0.869168
0.875741
0.881656
0.887406
0.896116
0.906303
0.915668
0.920598
0.919612
0.915176
0.905481
0.890201
0.867032
0.841728
0.820531
0.808537
0.804594
0.808537
0.820039
0.836799
0.853394
0.862102
0.859309
0.845672
0.825132
0.806730
0.794735
0.793091
0.797364
0.805251
0.811166
0.816589
0.818395
0.819874
0.822668
0.833513
0.855859
0.887243
0.921912
0.950831
0.966606
0.963976
0.946559
0.921912
0.896937
0.873440
0.855859
0.851915
0.865554
0.890036
0.913861
0.931935
0.945573
0.954446
0.956417
0.948531
0.936208
0.922077
0.911889
0.907782
0.910410
0.915997
0.922077
0.930128
0.940809
0.951818
0.961018
0.973013
0.991581
1.017542
1.043668
1.064206
1.074230
1.073901
1.062399
1.045639
1.028880
1.019513
1.015735
1.013927
1.013105
1.011791
1.008012
0.996839
0.980736
0.969563
0.968412
0.978929
0.992073
1.005382
1.015570
1.023951
1.027565
1.021978
1.006698
0.986816
0.971864
0.965948
0.968741
0.979421
0.999304
1.025758
1.052870
1.072422
1.081952
1.079488
1.067164
1.052705
1.044160
1.042846
1.041367
1.036274
1.026907
1.012613
0.987309
0.953789
0.919941
0.896937
0.887406
0.891350
0.901537
0.911396
0.911889
0.901209
0.877712
0.846165
0.816424
0.802293
0.802622
0.809852
0.816917
0.827268
0.837292
0.832526
0.807551
0.772225
0.743469
0.724902
0.713565
0.709949
0.719316
0.741333
0.769431
0.793585
0.807880
0.812152
0.808044
0.799008
0.787341
0.778960
0.778140
0.783398
0.789313
0.787670
0.776332
0.754150
0.724409
0.689575
0.655069
0.624508
0.602490
0.588194
0.581457
0.573571
0.563548
0.545146
0.520662
0.485664
0.473998
0.626644
0.974657
1.468085
1.835487
2.024611
2.041699
2.005879
1.933253
1.832694
1.720962
1.617445
1.546463
1.517215
1.520829
1.533646
1.539889
1.526417
1.480409
1.394638
1.287178
1.193849
1.142255
1.139954
1.170845
1.211266
1.234269
1.224739
1.180375
1.117280
1.059113
1.035781
1.063385
1.143241
1.246757
1.340415
1.398582
1.422900
1.419285
1.404825
1.394967
1.417971
1.474165
1.556650
1.642749
1.726877
1.785700
1.798846
1.741665
1.618759
1.428487
1.180375
0.885271
0.589510
0.332853
0.143566
0.012775
-0.065767
-0.112760
-0.143322
-0.188343
-0.251111
-0.325380
-0.388476
-0.435140
-0.463073
-0.481477
-0.495608
-0.518282
-0.547858
-0.579735
-0.605039
-0.623771
-0.636587
-0.644146
-0.651375
-0.668464
-0.696725
-0.730902
-0.761793
-0.791369
-0.818973
-0.844605
-0.864981
-0.888970
-0.923475
-0.968826
-1.015819
-1.058540
-1.095674
-1.124593
-1.141354
-1.144639
-1.139053
-1.124922
-1.103233
-1.074314
-1.042767
-1.006946
-0.966854
-0.922490
-0.879769
-0.839019
-0.799256
-0.760478
-0.722687
-0.687524
-0.656961
-0.630672
-0.608983
-0.587950
-0.569220
-0.554431
-0.542929
-0.533399
-0.524526
-0.517953
-0.512696
-0.509409
-0.507438
-0.507438
-0.510067
-0.513353
-0.517953
-0.521897
-0.523540
-0.521897
-0.515325
-0.510396
-0.505795
-0.500208
-0.489691
-0.478190
-0.470632
-0.465373
-0.456501
-0.441385
-0.424624
-0.409179
-0.394719
-0.379603
-0.364815
-0.351012
-0.339511
-0.329652
-0.323737
-0.320451
-0.320122
-0.322422
-0.330309
-0.340825
-0.352656
-0.362844
-0.375002
-0.388476
-0.402935
-0.418709
-0.435469
-0.451243
-0.465045
-0.476876
-0.487720
-0.494621
-0.496922
-0.493635
-0.490350
-0.485091
-0.478847
-0.467017
-0.454200
-0.443027
-0.433169
-0.422324
-0.409179
-0.397678
-0.386503
-0.375331
-0.365472
-0.356927
-0.351998
-0.345754
-0.342469
-0.340825
-0.344112
-0.347398
-0.351998
-0.355613
-0.362186
-0.368430
-0.374673
-0.377960
-0.381574
-0.384861
-0.389790
-0.394062
-0.395048
-0.390776
-0.381574
-0.373031
-0.365800
-0.357914
-0.349041
-0.342469
-0.338854
-0.334910
-0.328338
-0.320122
-0.312893
-0.303363
-0.292517
-0.280687
-0.272800
-0.265570
-0.258998
-0.253411
-0.251111
-0.251111
-0.251111
-0.249140
-0.245853
-0.242566
-0.241252
-0.239281
-0.235337
-0.228107
-0.219235
-0.208718
-0.195902
-0.180129
-0.159096
-0.132149
-0.096987
-0.053279
-0.002013
0.052867
0.110704
0.174457
0.246097
0.316094
0.374918
0.415667
0.443272
0.450172
0.430455
0.384119
0.326938
0.276988
0.237553
0.207320
0.181030
0.159669
0.140280
0.118591
0.090986
0.055495
0.014417
-0.032576
-0.083513
-0.140694
-0.205433
-0.279044
-0.358243
-0.441056
-0.528469
-0.624428
-0.726629
-0.831790
-0.931691
-1.021077
-1.090088
-1.136096
-1.157128
-1.151870
-1.118350
-1.057226
-0.977698
-0.886341
-0.784796
-0.672736
-0.555089
-0.441713
-0.339839
-0.248811
-0.166326
-0.091400
-0.024032
0.033478
0.083428
0.126807
0.165255
0.198775
0.225394
0.247083
0.263514
0.277316
0.286518
0.291119
0.288161
0.279289
0.267129
0.252341
0.234266
0.213563
0.192203
0.173143
0.158026
0.148496
0.144881
0.141924
0.138637
0.135022
0.132065
0.128121
0.120562
0.115304
0.113333
0.117605
0.121549
0.127464
0.132722
0.139951
0.147839
0.157369
0.168213
0.178400
0.186616
0.193189
0.200419
0.209291
0.216850
0.217835
0.215536
0.208962
0.203376
0.191874
0.179058
0.163284
0.149810
0.136666
0.128121
0.120234
0.116620
0.113662
0.113662
0.113662
0.112348
0.107747
0.101173
0.097231
0.099202
0.106433
0.116948
0.130093
0.143895
0.155068
0.162298
0.167556
0.170514
0.169199
0.167885
0.169856
0.178729
0.186616
0.191546
0.190232
0.183330
0.170514
0.152440
0.131408
0.110375
0.097559
0.094273
0.102160
0.113005
0.124506
0.132394
0.138966
0.146853
0.155068
0.165255
0.177415
0.198118
0.224407
0.251684
0.277645
0.302292
0.328254
0.353886
0.379519
0.410409
0.444914
0.484349
0.524113
0.562562
0.597725
0.623686
0.636831
0.632559
0.613498
0.589838
0.566834
0.548102
0.531672
0.524113
0.524770
0.524770
0.510969
0.480406
0.438999
0.392992
0.344685
0.296377
0.254970
0.222108
0.197132
0.167556
0.128450
0.079813
0.032821
0.001601
-0.005957
0.015732
0.066668
0.140608
0.231966
0.325953
0.417311
0.496838
0.566506
0.626644
0.683168
0.736732
0.793256
0.845507
0.893815
0.938179
0.986487
1.039396
1.084417
1.120894
1.148170
1.176432
1.201408
1.222111
1.234926
1.241500
1.238870
1.229011
1.207323
1.181362
1.154085
1.132725
1.120237
1.116293
1.122538
1.134039
1.143898
1.148827
1.146856
1.145541
1.145541
1.150799
1.158029
1.167231
1.177089
1.190562
1.203379
1.217181
1.234269
1.261546
1.298351
1.334500
1.369334
1.399896
1.430129
1.456090
1.475479
1.489610
1.497826
1.502427
1.502427
1.494868
1.485009
1.473179
1.467593
1.465621
1.470221
1.481066
1.496182
1.508999
1.520172
1.527074
1.536276
1.543833
1.552706
1.558950
1.562236
1.566837
1.573409
1.580968
1.588197
1.599699
1.620403
1.646364
1.671011
1.693028
1.713074
1.733121
1.748567
1.757110
1.762039
1.761054
1.757768
1.749552
1.740679
1.731477
1.724577
1.723263
1.726548
1.733121
1.740679
1.746266
1.746266
1.745280
1.744294
1.748895
1.753496
1.758097
1.761054
1.764340
1.770255
1.777814
1.784386
1.792274
1.804104
1.823493
1.842553
1.858984
1.869828
1.879687
1.887574
1.892175
1.892175
1.890203
1.886917
1.883631
1.875414
1.863913
1.849782
1.835980
1.821520
1.809033
1.798189
1.791944
1.784058
1.777486
1.771569
1.769927
1.769927
1.769927
1.769927
1.769927
1.771898
1.785700
1.812977
1.853726
1.893161
1.928323
1.955928
1.974989
1.980575
1.972359
1.958557
1.949683
1.950013
1.953956
1.957242
1.953299
1.944097
1.925695
1.900720
1.867857
1.828750
1.784386
1.738379
1.690728
1.640121
1.580640
1.512943
1.434730
1.346002
1.242485
1.123523
0.989774
0.845837
0.702227
0.571764
0.465946
0.388392
0.343370
0.331868
0.357830
0.415338
0.498809
0.598710
0.715701
0.847808
0.987473
1.118923
1.230327
1.321355
1.397595
1.463649
1.521159
1.572424
1.601343
1.599042
1.561908
1.519515
1.486982
1.465292
1.449190
1.438017
1.434730
1.434730
1.434730
1.438345
1.443932
1.446889
1.441631
1.429801
1.415998
1.399239
1.379850
1.361118
1.343372
1.332856
1.326284
1.326284
1.326284
1.324970
1.318397
1.306567
1.294737
1.288164
1.294079
1.312482
1.342715
1.373607
1.398582
1.413041
1.410412
1.390037
1.355860
1.326941
1.313796
1.318397
1.332856
1.349288
1.367033
1.378865
1.384122
1.374921
1.358490
1.336143
1.313139
1.290136
1.271076
1.259903
1.259903
1.263188
1.267132
1.265818
1.259245
1.246757
1.229011
1.215867
1.219153
1.247414
1.296051
1.347973
1.387408
1.409755
1.410412
1.388723
1.347316
1.300652
1.269762
1.261217
1.271076
1.288164
1.302623
1.315111
1.314454
1.303280
1.280934
1.260560
1.242814
1.229011
1.217181
1.210609
1.207980
1.201408
1.185633
1.160000
1.131081
1.106106
1.085731
1.079816
1.085731
1.110049
1.142912
1.179718
1.207980
1.216524
1.211923
1.196150
1.179718
1.160657
1.147513
1.148827
1.165915
1.188262
1.201408
1.197464
1.181690
1.160000
1.136997
1.113336
1.097562
1.085731
1.079159
1.069958
1.055498
1.033809
1.002261
0.970056
0.939165
0.914189
0.899073
0.893815
0.900388
0.915505
0.939165
0.968741
0.996346
1.017377
1.027236
1.030523
1.030523
1.030523
1.025922
1.019350
1.012776
1.010805
1.005547
0.989774
0.967427
0.951653
0.953624
0.973342
1.003576
1.033809
1.048926
1.038410
0.995032
0.923391
0.833348
0.743963
0.672979
0.626972
0.605284
0.597396
0.590167
0.570449
0.530357
0.475805
0.418625
0.373275
0.342384
0.330554
0.335154
0.356843
0.381818
0.397593
0.396935
0.388392
0.381161
0.388392
0.410080
0.450829
0.504724
0.561905
0.609227
0.637488
0.640775
0.617771
0.573735
0.531015
0.509982
0.522470
0.559275
0.612513
0.669037
0.712414
0.721616
0.689411
0.628286
0.559275
0.494208
0.448858
0.424540
0.425197
0.430455
0.426511
0.399565
0.350928
0.284547
0.212906
0.151125
0.117605
0.116948
0.147839
0.195818
0.245112
0.275345
0.278630
0.252341
0.205677
0.150467
0.109061
0.091315
0.101173
0.126150
0.153754
0.163612
0.146525
0.103803
0.048594
-0.007930
-0.046049
-0.045392
0.005873
0.087372
0.164269
0.208305
0.212249
0.174128
0.097231
-0.003329
-0.094029
-0.146609
-0.151867
-0.122290
-0.075625
-0.031590
-0.008587
-0.015159
-0.046049
-0.084827
-0.119661
-0.140694
-0.140035
-0.116375
-0.080883
-0.053279
-0.049336
-0.078912
-0.146609
-0.254398
-0.392420
-0.542272
-0.680294
-0.793998
-0.877468
-0.932020
-0.962910
-0.982628
-1.006289
-1.041780
-1.086473
-1.126566
-1.148255
-1.145625
-1.123279
-1.094360
-1.072014
-1.062813
-1.072014
-1.098304
-1.137739
-1.176516
-1.202806
-1.214636
-1.217265
-1.217265
-1.216608
-1.210036
-1.203463
-1.197548
-1.190976
-1.184403
-1.177831
-1.175201
-1.175201
-1.177831
-1.189661
-1.202806
-1.214636
-1.227124
-1.243555
-1.267216
-1.293506
-1.323740
-1.358574
-1.395380
-1.432843
-1.472278
-1.514998
-1.553776
-1.579409
-1.593211
-1.601756
-1.607671
-1.604385
-1.597812
-1.601099
-1.620816
-1.651049
-1.681282
-1.711516
-1.733863
-1.744378
-1.730576
-1.697056
-1.647105
-1.591897
-1.535374
-1.482137
-1.433500
-1.390122
-1.348716
-1.309938
-1.276418
-1.252100
-1.233696
-1.223181
-1.217265
-1.217265
-1.217265
-1.218580
-1.221866
-1.221866
-1.220552
-1.217265
-1.217265
-1.217265
-1.217265
-1.217265
-1.225153
-1.242898
-1.270503
-1.299422
-1.323740
-1.342142
-1.349373
-1.345429
-1.332283
-1.321111
-1.319139
-1.328341
-1.348058
-1.373691
-1.397352
-1.410496
-1.414440
-1.414440
-1.410496
-1.403924
-1.397352
-1.394722
-1.394722
-1.394722
-1.398666
-1.405238
-1.407868
-1.403924
-1.397352
-1.394722
-1.394722
-1.396037
-1.401295
-1.410496
-1.422984
-1.437444
-1.447960
-1.451904
-1.445330
-1.432186
-1.415754
-1.402610
-1.396037
-1.400638
-1.407211
-1.413783
-1.414440
-1.409839
-1.395380
-1.374348
-1.352658
-1.340828
-1.342142
-1.348716
-1.355288
-1.355288
-1.354630
-1.348058
-1.336884
-1.324397
-1.318482
-1.323082
-1.329655
-1.335570
-1.335570
-1.330969
-1.324397
-1.315853
-1.307965
-1.307965
-1.313881
-1.326369
-1.332941
-1.339514
-1.346086
-1.352658
-1.355288
-1.349373
-1.341485
-1.327683
-1.313881
-1.302050
-1.296135
-1.296135
-1.296135
-1.302707
-1.306651
-1.304680
-1.288248
-1.271160
-1.257357
-1.247499
-1.240927
-1.242898
-1.256043
-1.269189
-1.274447
-1.266559
-1.253414
-1.233696
-1.209378
-1.183089
-1.165342
-1.166001
-1.179145
-1.177173
-1.141025
-1.071356
-0.994459
-0.922161
-0.853150
-0.793998
-0.759821
-0.758506
-0.771652
-0.774937
-0.770336
-0.763764
-0.755877
-0.741417
-0.728273
-0.733531
-0.755220
-0.782825
-0.810428
-0.847892
-0.899157
-0.952394
-0.986571
-0.999717
-1.003003
-1.016804
-1.045066
-1.086473
-1.130508
-1.174544
-1.215951
-1.251443
-1.273788
-1.278389
-1.270503
-1.261301
-1.256700
-1.252757
-1.246185
-1.239612
-1.242898
-1.252757
-1.265902
-1.273131
-1.276418
-1.276418
-1.276418
-1.276418
-1.276418
-1.276418
-1.276418
-1.276418
-1.276418
-1.272474
-1.263273
-1.250128
-1.240927
-1.233039
-1.226467
-1.219895
-1.217265
-1.212008
-1.200178
-1.175859
-1.142997
-1.100932
-1.060840
-1.027320
-1.008918
-1.004974
-1.010890
-1.022721
-1.031921
-1.037179
-1.027979
-1.008261
-0.980656
-0.954367
-0.929391
-0.905073
-0.880098
-0.851836
-0.820287
-0.784796
-0.747991
-0.710527
-0.673722
-0.641516
-0.614569
-0.594852
-0.579078
-0.570534
-0.566590
-0.561332
-0.554760
-0.544243
-0.531756
-0.512696
-0.492321
-0.477204
-0.469974
-0.468003
-0.468003
-0.460115
-0.441056
-0.407536
-0.366786
-0.322752
-0.283317
-0.253082
-0.237308
-0.231394
-0.225479
-0.212990
-0.188672
-0.157125
-0.119661
-0.084170
-0.055251
-0.032905
-0.020417
-0.014502
-0.014502
-0.014502
-0.009244
0.000615
0.016389
0.032821
0.049909
0.066998
0.083428
0.095916
0.102489
0.110375
0.123520
0.144552
0.168213
0.193846
0.218164
0.240511
0.261542
0.282574
0.304264
0.330554
0.368017
0.417311
0.477120
0.537587
0.592138
0.634203
0.662463
0.681524
0.688097
0.684153
0.669694
0.652605
0.641432
0.630259
0.619743
0.600026
0.575050
0.542188
0.502753
0.456087
0.379190
0.239854
0.051880
-0.131492
-0.228764
-0.258998
-0.255055
-0.276086
-0.318808
-0.374673
-0.419366
-0.434483
-0.415423
-0.365472
-0.296461
-0.221535
-0.159753
-0.124919
-0.119661
-0.131492
-0.139378
-0.130177
-0.093371
-0.033562
0.038736
0.103803
0.150467
0.174128
0.178072
0.162298
0.142581
0.130750
0.141267
0.170843
0.206991
0.240511
0.263514
0.272058
0.267457
0.248397
0.225394
0.201733
0.187274
0.182016
0.182673
0.189902
0.196475
0.200419
0.193846
0.182016
0.167556
0.153754
0.139294
0.135350
0.141267
0.159012
0.172814
0.186616
0.195161
0.201733
0.202390
0.206991
0.218821
0.241825
0.273373
0.306892
0.336469
0.348300
0.345670
0.327924
0.304921
0.279946
0.258256
0.246426
0.241825
0.243796
0.250370
0.252998
0.248397
0.230652
0.208305
0.183987
0.162298
0.149153
0.148496
0.158354
0.172814
0.187274
0.197132
0.202390
0.200419
0.199761
0.200419
0.212249
0.235253
0.268772
0.304264
0.334497
0.359473
0.373275
0.379190
0.371960
0.358816
0.354872
0.366045
0.391020
0.414024
0.429798
0.437685
0.436370
0.425197
0.405480
0.388392
0.380504
0.389049
0.404165
0.423226
0.432427
0.430455
0.417968
0.401536
0.382477
0.368674
0.361444
0.369331
0.387076
0.415338
0.444257
0.469890
0.486979
0.499466
0.508668
0.515240
0.517869
0.517869
0.517869
0.517869
0.517869
0.517869
0.512611
0.500781
0.484349
0.468576
0.454116
0.444257
0.440971
0.450172
0.466604
0.484349
0.494865
0.492237
0.478434
0.458717
0.444914
0.438999
0.442943
0.455430
0.478434
0.506696
0.533643
0.556647
0.570449
0.582279
0.590167
0.603311
0.611199
0.616456
0.616456
0.616456
0.615799
0.607255
0.592138
0.565192
0.532986
0.494865
0.456087
0.415995
0.372618
0.322009
0.262857
0.188588
0.097231
-0.017788
-0.155810
-0.308292
-0.442370
-0.531099
-0.571191
-0.593537
-0.620484
-0.644146
-0.653347
-0.649403
-0.644146
-0.626399
-0.566590
-0.459458
-0.322752
-0.189987
-0.076941
0.013103
0.084743
0.148496
0.206334
0.261542
0.305578
0.343699
0.375903
0.407452
0.428484
0.434399
0.428484
0.421912
0.413367
0.402851
0.387735
0.373932
0.368674
0.365388
0.361444
0.345013
0.322666
0.297691
0.268772
0.239196
0.210935
0.193189
0.184644
0.182673
0.182673
0.182673
0.180701
0.172157
0.159012
0.147839
0.151782
0.170843
0.201076
0.228680
0.249054
0.258913
0.260228
0.249713
0.227366
0.203047
0.187931
0.189902
0.202390
0.214878
0.226708
0.233938
0.240511
0.237881
0.226051
0.206991
0.185302
0.165585
0.151782
0.144552
0.143238
0.143238
0.143238
0.136666
0.129435
0.115633
0.102489
0.090001
0.093944
0.120234
0.164269
0.211592
0.251027
0.273373
0.283890
0.275345
0.252998
0.216850
0.186616
0.176758
0.187274
0.206334
0.224737
0.235253
0.241825
0.247083
0.253655
0.264829
0.281917
0.309522
0.341069
0.371303
0.400222
0.427170
0.454116
0.490264
0.554017
0.635517
0.708472
0.752507
0.768938
0.773539
0.763023
0.740676
0.715044
0.704528
0.714387
0.732790
0.734761
0.713729
0.682181
0.657863
0.640775
0.612513
0.570449
0.520499
0.470547
0.417968
0.366045
0.325953
0.308207
0.304921
0.300977
0.284547
0.254970
0.209619
0.151782
0.084086
0.024276
-0.021074
-0.044078
-0.053937
-0.061166
-0.067739
-0.068396
-0.066425
-0.068396
-0.086799
-0.111775
-0.136093
-0.149237
-0.152524
-0.152524
-0.147923
-0.138721
-0.125577
-0.122290
-0.134120
-0.161725
-0.189329
-0.202474
-0.195245
-0.173555
-0.151210
-0.137407
-0.143322
-0.172898
-0.226793
-0.293832
-0.358900
-0.408193
-0.438427
-0.455515
-0.468003
-0.483119
-0.510067
-0.552130
-0.605368
-0.655318
-0.694753
-0.715785
-0.723015
-0.713157
-0.694753
-0.669778
-0.653347
-0.645460
-0.645460
-0.645460
-0.645460
-0.645460
-0.640859
-0.625742
-0.600110
-0.568561
-0.538985
-0.518611
-0.508752
-0.507438
-0.507438
-0.507438
-0.503494
-0.492321
-0.470632
-0.448285
-0.431855
-0.431197
-0.444999
-0.473261
-0.508095
-0.543586
-0.569220
-0.583021
-0.586307
-0.586307
-0.587622
-0.597480
-0.618513
-0.651375
-0.686866
-0.718415
-0.736818
-0.744047
-0.741417
-0.733531
-0.720386
-0.709870
-0.704612
-0.711184
-0.717757
-0.724330
-0.724330
-0.715785
-0.693439
-0.655976
-0.619827
-0.596166
-0.587622
-0.588937
-0.598137
-0.615227
-0.628372
-0.620484
-0.585650
-0.534384
-0.487063
-0.458801
-0.456830
-0.484434
-0.533070
-0.588937
-0.632314
-0.646117
-0.628372
-0.585650
-0.537671
-0.498236
-0.483119
-0.492321
-0.521240
-0.552788
-0.575135
-0.582364
-0.574477
-0.554102
-0.527155
-0.500866
-0.485091
-0.485749
-0.510067
-0.562646
-0.636258
-0.721043
-0.805171
-0.884040
-0.947793
-0.991829
-1.016804
-1.031921
-1.045724
-1.064127
-1.086473
-1.109477
-1.121965
-1.123936
-1.113420
-1.104876
-1.098961
-1.098961
-1.108163
-1.128537
-1.159427
-1.188346
-1.207407
-1.213979
-1.205436
-1.187032
-1.159427
-1.128537
-1.097647
-1.070042
-1.051638
-1.039809
-1.031264
-1.024035
-1.012862
-0.998402
-0.978027
-0.958309
-0.946479
-0.942536
-0.949109
-0.962910
-0.983286
-1.006946
-1.033894
-1.064784
-1.106190
-1.161400
-1.233696
-1.317824
-1.409839
-1.503826
-1.595183
-1.678654
-1.750293
-1.806159
-1.843623
-1.862683
-1.868598
-1.863997
-1.843623
-1.802874
-1.743064
-1.667480
-1.576780
-1.471621
-1.360546
-1.256700
-1.166658
-1.094360
-1.033237
-0.981313
-0.935306
-0.893899
-0.855122
-0.818316
-0.788083
-0.770336
-0.763764
-0.768365
-0.774937
-0.784139
-0.792683
-0.799256
-0.803199
-0.807800
-0.818316
-0.836719
-0.859065
-0.882726
-0.903758
-0.922818
-0.934649
-0.946479
-0.953051
-0.959625
-0.960939
-0.960939
-0.966854
-0.973427
-0.976713
-0.970798
-0.961596
-0.951737
-0.945165
-0.939907
-0.932677
-0.918874
-0.900472
-0.884040
-0.871553
-0.864981
-0.866295
-0.873524
-0.886670
-0.899157
-0.911645
-0.918217
-0.921504
-0.926762
-0.938592
-0.956995
-0.974741
-0.992486
-1.010232
-1.026663
-1.030607
-1.027320
-1.020748
-1.020091
-1.017462
-1.010890
-1.004317
-1.000374
-1.000374
-1.000374
-0.987228
-0.968826
-0.942536
-0.929391
-0.921504
-0.921504
-0.928076
-0.941221
-0.966197
-0.985914
-0.999059
-1.000374
-1.000374
-1.004317
-1.017462
-1.030607
-1.045066
-1.058212
-1.062156
-0.925448
-0.607339
-0.130177
0.251027
0.458717
0.498152
0.485006
0.471862
0.458717
0.446887
0.433742
0.431112
0.442943
0.461346
0.477120
0.490264
0.498152
0.498152
0.500781
0.513925
0.527071
0.537587
0.537587
0.537587
0.537587
0.537587
0.545474
0.558618
0.571764
0.577022
0.575707
0.562562
0.541530
0.516555
0.503410
0.496838
0.494208
0.481064
0.458717
0.425854
0.390363
0.350928
0.312807
0.282574
0.266800
0.261542
0.261542
0.261542
0.268115
0.270744
0.283890
0.290462
0.300977
0.304921
0.312807
0.312807
0.306235
0.285204
0.272058
0.258913
0.245769
0.232623
0.211592
0.191874
0.156383
0.111690
0.060424
0.009160
-0.036849
-0.088114
-0.144636
-0.212990
-0.290546
-0.383875
-0.486406
-0.596823
-0.711184
-0.830804
-0.953051
-1.070042
-1.180460
-1.273788
-1.344772
-1.381577
-1.381577
-1.346086
-1.282990
-1.202806
-1.117364
-1.029293
-0.945165
-0.862352
-0.783482
-0.705926
-0.631000
-0.563960
-0.508752
-0.471947
-0.446971
-0.428568
-0.402278
-0.382561
-0.356270
-0.343126
-0.329981
-0.332610
-0.345754
-0.358900
-0.370730
-0.383875
-0.397020
-0.412794
-0.425938
-0.448285
-0.477204
-0.511381
-0.549502
-0.586307
-0.621799
-0.653347
-0.687524
-0.716442
-0.742733
-0.763764
-0.783482
-0.796627
-0.803199
-0.807143
-0.820287
-0.833432
-0.842634
-0.842634
-0.842634
-0.842634
-0.842634
-0.842634
-0.842634
-0.845264
-0.858408
-0.882069
-0.905730
-0.918874
-0.921504
-0.921504
-0.914932
-0.897843
-0.867610
-0.828175
-0.774280
-0.701982
-0.613912
-0.515325
-0.414108
-0.311577
-0.215620
-0.124919
-0.035533
0.051223
0.137980
0.224737
0.316751
0.410080
0.490264
0.554675
0.599369
0.632230
0.641432
0.634860
0.613827
0.587537
0.542845
0.481064
0.406137
0.315437
0.201076
0.060424
-0.092057
-0.244539
-0.399649
-0.554760
-0.707242
-0.847892
-0.985914
-1.122622
-1.261958
-1.392093
-1.511713
-1.606356
-1.674710
-1.718089
-1.750951
-1.773298
-1.777241
-1.764096
-1.727289
-1.669452
-1.580067
-1.489366
-1.417069
-1.377635
-1.364489
-1.381577
-1.409182
-1.403924
-1.315853
-1.164685
-0.997744
-0.864981
-0.753249
-0.674379
-0.636258
-0.629686
-0.607339
-0.531099
-0.427254
-0.341811
-0.294490
-0.305005
-0.352328
-0.421996
-0.466689
-0.471947
-0.460115
-0.435140
-0.400963
-0.374673
-0.403593
-0.510067
-0.667807
-0.850522
-1.047696
-1.258015
-1.461762
-1.654993
-1.825877
-1.961270
-2.044084
-2.088777
-2.119010
-2.151873
-2.172904
-2.183420
-2.192622
-2.205767
-2.218911
-2.213653
-2.200508
-2.180790
-2.163703
-2.151873
-2.158445
-2.176848
-2.201823
-2.214967
-2.222855
-2.228113
-2.247830
-2.285951
-2.339845
-2.398998
-2.458150
