-1.604373
-1.648024
-1.678563
-1.696003
-1.702319
-1.705073
-1.706001
-1.705171
-1.702237
-1.697593
-1.691694
-1.685243
-1.678932
-1.673481
-1.669044
-1.666499
-1.666857
-1.670494
-1.675650
-1.680616
-1.685447
-1.690484
-1.694971
-1.696865
-1.695344
-1.689839
-1.678586
-1.662195
-1.642413
-1.624146
-1.609460
-1.601724
-1.605370
-1.622317
-1.648705
-1.674667
-1.688507
-1.678409
-1.632415
-1.544798
-1.416869
-1.257165
-1.073926
-0.879914
-0.689359
-0.513649
-0.356739
-0.214829
-0.088334
0.022749
0.121175
0.211493
0.298164
0.376228
0.445484
0.506003
0.562841
0.616434
0.667802
0.717714
0.762879
0.799910
0.823895
0.833769
0.826535
0.800419
0.760381
0.713369
0.661883
0.603920
0.538038
0.467894
0.395158
0.315353
0.227226
0.131404
0.029544
-0.084202
-0.215801
-0.366483
-0.531964
-0.711059
-0.898584
-1.084616
-1.254383
-1.393842
-1.497597
-1.562046
-1.591311
-1.590932
-1.571659
-1.544785
-1.521203
-1.507707
-1.506665
-1.516491
-1.533989
-1.556458
-1.581627
-1.606394
-1.627324
-1.641626
-1.650884
-1.657702
-1.664356
-1.669754
-1.672359
-1.671767
-1.668926
-1.664688
-1.659644
-1.655027
-1.652043
-1.650339
-1.646124
-1.633362
-1.606489
-1.562543
-1.502948
-1.431584
-1.356030
-1.285400
-1.229096
-1.190596
-1.168979
-1.161686
-1.168316
-1.185245
-1.203808
-1.214889
-1.216499
-1.211243
-1.202695
-1.192680
-1.187045
-1.192325
-1.211361
-1.238140
-1.262694
-1.275006
-1.270839
-1.249861
-1.218890
-1.188252
-1.169452
-1.168221
-1.183659
-1.209135
-1.236648
-1.257105
-1.264257
-1.256490
-1.239017
-1.220453
-1.207999
-1.204163
-1.206153
-1.210935
-1.214676
-1.215907
-1.211361
-1.201322
-1.189767
-1.181717
-1.181622
-1.188442
-1.201227
-1.216381
-1.230966
-1.241337
-1.243989
-1.236648
-1.218512
-1.193698
-1.166753
-1.142365
-1.122761
-1.108412
-1.097189
-1.081704
-1.056748
-1.020569
-0.976813
-0.927944
-0.878505
-0.835744
-0.807615
-0.794308
-0.788863
-0.783086
-0.773568
-0.759313
-0.742644
-0.727302
-0.719820
-0.725124
-0.745675
-0.781760
-0.828878
-0.878932
-0.922355
-0.954746
-0.976956
-0.993530
-1.008731
-1.027104
-1.050402
-1.078247
-1.106613
-1.128775
-1.137677
-1.128680
-1.104292
-1.070529
-1.034823
-1.002811
-0.978992
-0.964170
-0.954273
-0.942718
-0.923635
-0.894038
-0.854496
-0.809462
-0.766133
-0.729954
-0.704429
-0.690460
-0.687145
-0.689844
-0.692354
-0.690034
-0.681794
-0.669151
-0.655749
-0.645047
-0.639648
-0.639507
-0.644573
-0.653333
-0.662852
-0.669198
-0.669766
-0.664983
-0.656696
-0.648172
-0.642632
-0.642206
-0.646136
-0.651723
-0.655464
-0.654565
-0.646610
-0.631693
-0.612467
-0.593430
-0.577850
-0.567054
-0.560661
-0.557535
-0.554126
-0.546928
-0.533669
-0.515579
-0.495169
-0.475280
-0.459227
-0.449945
-0.447672
-0.450798
-0.455817
-0.460979
-0.463678
-0.462495
-0.457144
-0.449046
-0.441800
-0.437633
-0.438249
-0.441943
-0.446347
-0.449093
-0.448620
-0.443316
-0.432851
-0.418502
-0.403538
-0.390279
-0.380381
-0.373847
-0.369585
-0.365039
-0.358030
-0.347706
-0.334921
-0.321756
-0.309918
-0.301205
-0.296185
-0.293438
-0.288987
-0.280936
-0.270613
-0.262184
-0.255649
-0.250724
-0.249399
-0.254513
-0.265973
-0.277622
-0.286525
-0.291165
-0.293438
-0.292775
-0.288798
-0.281316
-0.271466
-0.261806
-0.253755
-0.248167
-0.244663
-0.242106
-0.239265
-0.234055
-0.225626
-0.214546
-0.201854
-0.189353
-0.177893
-0.169369
-0.164823
-0.163308
-0.163118
-0.162171
-0.161224
-0.159614
-0.157720
-0.154879
-0.153458
-0.154405
-0.158193
-0.163592
-0.170316
-0.177988
-0.185754
-0.192099
-0.195793
-0.196929
-0.196077
-0.193804
-0.189921
-0.184996
-0.179409
-0.173442
-0.166244
-0.157341
-0.146734
-0.135084
-0.123056
-0.110839
-0.099474
-0.089434
-0.081668
-0.075796
-0.071440
-0.068030
-0.064810
-0.062537
-0.062158
-0.064242
-0.069545
-0.078259
-0.092276
-0.110555
-0.132622
-0.157720
-0.186701
-0.219660
-0.256691
-0.298932
-0.348465
-0.406616
-0.473102
-0.546123
-0.621322
-0.687145
-0.736678
-0.767837
-0.791041
-0.806668
-0.810551
-0.799754
-0.778729
-0.750506
-0.708265
-0.646515
-0.570463
-0.491002
-0.418265
-0.355568
-0.303572
-0.260858
-0.225058
-0.194277
-0.166812
-0.142187
-0.119173
-0.099094
-0.082426
-0.071724
-0.066041
-0.064905
-0.066609
-0.070587
-0.075607
-0.080153
-0.083562
-0.086119
-0.088488
-0.092276
-0.098337
-0.107998
-0.120310
-0.134421
-0.148817
-0.161698
-0.171453
-0.176472
-0.177988
-0.177135
-0.176567
-0.176567
-0.177514
-0.178650
-0.177988
-0.174294
-0.166717
-0.156489
-0.145976
-0.136031
-0.129117
-0.125897
-0.126560
-0.129117
-0.131012
-0.131769
-0.129970
-0.126560
-0.122962
-0.121825
-0.123814
-0.127887
-0.134421
-0.142283
-0.151090
-0.158383
-0.165202
-0.172400
-0.180545
-0.189069
-0.197782
-0.207821
-0.218618
-0.228657
-0.236613
-0.242485
-0.246273
-0.246747
-0.242674
-0.235665
-0.228562
-0.223732
-0.222596
-0.225626
-0.233203
-0.243337
-0.253471
-0.261237
-0.265878
-0.268435
-0.269951
-0.271561
-0.274781
-0.280653
-0.289271
-0.299121
-0.308876
-0.318157
-0.326397
-0.333785
-0.340035
-0.346096
-0.353105
-0.361819
-0.371952
-0.381708
-0.389663
-0.394209
-0.394777
-0.391273
-0.384170
-0.375741
-0.368354
-0.364660
-0.364660
-0.367501
-0.371289
-0.375741
-0.379245
-0.380476
-0.379056
-0.377161
-0.377540
-0.381897
-0.389189
-0.399134
-0.409078
-0.416939
-0.419970
-0.419023
-0.417602
-0.419118
-0.425274
-0.437776
-0.457570
-0.482289
-0.506345
-0.524529
-0.535326
-0.538735
-0.535989
-0.529170
-0.521498
-0.516005
-0.513921
-0.514774
-0.517521
-0.519225
-0.518278
-0.513543
-0.506629
-0.499242
-0.493275
-0.491191
-0.494980
-0.504356
-0.516573
-0.527087
-0.532390
-0.528317
-0.515626
-0.498484
-0.486740
-0.485982
-0.499147
-0.527465
-0.570463
-0.621511
-0.668582
-0.702109
-0.722187
-0.731942
-0.736583
-0.741413
-0.753631
-0.776929
-0.807615
-0.838112
-0.859800
-0.866335
-0.854781
-0.828735
-0.797576
-0.772384
-0.761302
-0.765375
-0.780339
-0.798049
-0.809510
-0.807047
-0.789147
-0.760450
-0.729480
-0.702866
-0.686293
-0.682220
-0.689608
-0.702772
-0.714421
-0.719346
-0.715369
-0.703056
-0.684588
-0.666404
-0.657122
-0.661857
-0.679000
-0.702677
-0.727870
-0.748801
-0.759598
-0.757135
-0.746528
-0.736678
-0.735541
-0.744634
-0.763954
-0.790662
-0.819075
-0.838585
-0.830251
-0.794261
-0.740277
-0.702962
-0.689323
-0.700120
-0.721145
-0.749180
-0.780055
-0.807521
-0.825137
-0.831766
-0.828546
-0.821538
-0.814908
-0.814150
-0.822106
-0.837449
-0.855823
-0.869840
-0.872870
-0.860747
-0.834418
-0.801270
-0.770205
-0.748043
-0.737057
-0.737057
-0.744634
-0.753726
-0.757135
-0.749558
-0.730806
-0.704287
-0.677011
-0.654281
-0.641021
-0.637233
-0.641211
-0.649924
-0.659964
-0.669624
-0.676064
-0.679474
-0.682315
-0.690270
-0.706939
-0.733837
-0.768690
-0.809983
-0.854118
-0.897684
-0.937083
-0.969853
-0.996181
-1.017586
-1.036338
-1.053575
-1.069865
-1.084640
-1.096573
-1.103582
-1.105287
-1.100551
-1.091081
-1.077442
-1.061910
-1.045810
-1.030277
-1.016639
-1.005084
-0.995045
-0.986711
-0.978755
-0.971367
-0.963412
-0.956025
-0.950721
-0.948069
-0.948448
-0.951289
-0.956025
-0.962276
-0.969474
-0.977429
-0.985385
-0.992015
-0.992583
-0.985574
-0.973073
-0.964927
-0.964927
-0.971936
-0.984816
-1.004516
-1.031034
-1.054712
-1.066456
-1.060016
-1.035581
-0.994667
-0.941250
-0.878932
-0.806763
-0.723419
-0.635528
-0.563171
-0.523582
-0.519415
-0.542903
-0.586658
-0.649545
-0.721524
-0.787064
-0.831008
-0.853171
-0.863020
-0.870029
-0.875143
-0.874385
-0.863399
-0.844457
-0.822863
-0.807900
-0.800701
-0.801270
-0.808657
-0.825326
-0.849761
-0.873438
-0.888970
-0.895790
-0.898821
-0.900904
-0.904124
-0.908291
-0.913784
-0.918520
-0.921929
-0.924203
-0.927044
-0.927044
-0.926665
-0.925718
-0.928370
-0.932727
-0.937461
-0.940493
-0.941818
-0.941061
-0.938409
-0.932916
-0.924581
-0.914352
-0.903366
-0.892570
-0.881583
-0.870218
-0.858285
-0.845215
-0.830251
-0.810930
-0.786874
-0.756567
-0.720388
-0.679853
-0.640264
-0.605411
-0.576240
-0.550858
-0.531158
-0.517900
-0.511649
-0.507481
-0.503693
-0.502556
-0.507860
-0.523014
-0.544607
-0.571505
-0.600865
-0.633635
-0.666972
-0.698415
-0.724176
-0.745202
-0.763197
-0.780055
-0.796156
-0.811688
-0.826273
-0.840100
-0.852792
-0.864346
-0.873060
-0.876090
-0.873060
-0.863968
-0.851276
-0.835555
-0.819643
-0.804869
-0.792367
-0.779866
-0.766417
-0.750316
-0.732511
-0.713569
-0.694816
-0.678716
-0.666404
-0.660153
-0.655796
-0.653902
-0.650682
-0.646704
-0.638370
-0.625111
-0.605411
-0.578703
-0.544607
-0.505019
-0.459180
-0.405006
-0.341930
-0.274496
-0.208200
-0.145503
-0.083373
-0.021244
0.040128
0.096574
0.148097
0.196588
0.244890
0.288835
0.323687
0.346039
0.359488
0.366686
0.364981
0.349070
0.317058
0.272924
0.222349
0.168175
0.112486
0.058502
0.007548
-0.040754
-0.089813
-0.141146
-0.195319
-0.251387
-0.308213
-0.362387
-0.410688
-0.451413
-0.484183
-0.511460
-0.531917
-0.546691
-0.555404
-0.560329
-0.563739
-0.566769
-0.564307
-0.556351
-0.545175
-0.544039
-0.554647
-0.575483
-0.603138
-0.641021
-0.687998
-0.735921
-0.773994
-0.801459
-0.819075
-0.829493
-0.831766
-0.826273
-0.813393
-0.794072
-0.769068
-0.739330
-0.705613
-0.670381
-0.634960
-0.599349
-0.563739
-0.530022
-0.498957
-0.470545
-0.442511
-0.414856
-0.388148
-0.363144
-0.340793
-0.321662
-0.306129
-0.294575
-0.285483
-0.278664
-0.272413
-0.266541
-0.260669
-0.256502
-0.254418
-0.254607
-0.256502
-0.258396
-0.259532
-0.257259
-0.252713
-0.245894
-0.239265
-0.231877
-0.222596
-0.211231
-0.199108
-0.187554
-0.174483
-0.159330
-0.143040
-0.125803
-0.107618
-0.084699
-0.058559
-0.028821
0.000540
0.028384
0.051114
0.068541
0.080664
0.091082
0.101310
0.113812
0.129344
0.147717
0.168554
0.189011
0.208521
0.225569
0.241101
0.256066
0.272355
0.291108
0.311375
0.331833
0.353048
0.375399
0.397561
0.416692
0.431277
0.443590
0.454386
0.463858
0.472192
0.480147
0.490187
0.501552
0.513674
0.524661
0.533753
0.540383
0.545118
0.549475
0.554779
0.562544
0.573341
0.586980
0.601943
0.617287
0.633008
0.649867
0.667672
0.687371
0.710670
0.738325
0.769579
0.801781
0.833035
0.864478
0.895732
0.926797
0.954831
0.980592
1.006163
1.031735
1.055980
1.077385
1.096705
1.115647
1.133452
1.149553
1.162054
1.171147
1.174935
1.174178
1.169253
1.161676
1.150879
1.136483
1.118488
1.095569
1.066020
1.028894
0.985138
0.936457
0.883609
0.828299
0.769958
0.711238
0.652518
0.597398
0.551559
0.521630
0.512538
0.525418
0.560840
0.618234
0.690971
0.772610
0.855386
0.937404
1.016770
1.092727
1.164517
1.230814
1.289912
1.342192
1.387463
1.428756
1.465124
1.497705
1.526686
1.552068
1.573851
1.590141
1.601506
1.608325
1.612492
1.614955
1.617607
1.619501
1.620637
1.617607
1.612303
1.606242
1.600559
1.595066
1.587679
1.581238
1.576692
1.573282
1.569494
1.565895
1.565138
1.568547
1.575556
1.585974
1.597907
1.609840
1.621206
1.632192
1.643936
1.656816
1.670455
1.684850
1.698678
1.711558
1.721408
1.728606
1.733152
1.736941
1.739782
1.743570
1.747358
1.751336
1.752662
1.752662
1.753420
1.755314
1.756072
1.754367
1.753798
1.754935
1.756830
1.759102
1.760997
1.765543
1.771415
1.781075
1.792061
1.803426
1.813655
1.821989
1.829377
1.836954
1.844909
1.853622
1.862525
1.871428
1.878057
1.881467
1.882414
1.882414
1.882414
1.882414
1.882414
1.882793
1.882793
1.881467
1.879194
1.877300
1.876731
1.875405
1.873511
1.872185
1.872564
1.872564
1.871996
1.872185
1.876163
1.882793
1.891885
1.901545
1.911206
1.920108
1.927496
1.934694
1.941513
1.948900
1.956666
1.964622
1.972009
1.976744
1.978828
1.977881
1.975987
1.974093
1.973335
1.973335
1.973335
1.972388
1.969926
1.966137
1.963296
1.960644
1.957992
1.954204
1.952688
1.951931
1.951931
1.951552
1.953825
1.959886
1.969168
1.981101
1.994360
2.008378
2.022205
2.035275
2.048345
2.061225
2.074484
2.087744
2.101003
2.113316
2.123355
2.129416
2.132068
2.132447
2.132447
2.132447
2.132068
2.129795
2.124112
2.114452
2.102329
2.087554
2.069749
2.046640
2.019363
1.988489
1.952878
1.911774
1.863472
1.810435
1.751715
1.688260
1.619880
1.547711
1.474406
1.404700
1.345412
1.303740
1.285366
1.293133
1.326659
1.381402
1.450918
1.527254
1.604537
1.678978
1.748495
1.812897
1.872375
1.927306
1.976744
2.019174
2.055732
2.087744
2.115967
2.137750
2.151957
2.158586
2.160481
2.159155
2.159723
2.161996
2.165216
2.166542
2.164837
2.162375
2.156692
2.147600
2.134151
2.118998
2.104981
2.091343
2.078462
2.066908
2.058195
2.051375
2.044178
2.035843
2.027887
2.022205
2.019553
2.018795
2.020689
2.027508
2.040768
2.057058
2.071454
2.081493
2.087933
2.091153
2.089638
2.084334
2.078841
2.076000
2.075621
2.075621
2.075621
2.075621
2.074106
2.069370
2.060657
2.049102
2.037548
2.027130
2.017280
2.007620
1.998528
1.991709
1.985837
1.978449
1.969168
1.958939
1.949847
1.942839
1.937535
1.936020
1.939050
1.946627
1.954961
1.960076
1.961970
1.961212
1.955909
1.946059
1.932799
1.922950
1.914236
1.909311
1.903250
1.899083
1.894158
1.888475
1.879383
1.866503
1.851349
1.837711
1.824831
1.812329
1.799827
1.788841
1.781264
1.773687
1.764596
1.753609
1.743381
1.733909
1.727091
1.719514
1.717998
1.720272
1.727848
1.732773
1.734667
1.734667
1.731637
1.723302
1.708907
1.691480
1.677084
1.665340
1.656627
1.647156
1.637685
1.627835
1.616091
1.600559
1.580860
1.558508
1.538051
1.519109
1.501682
1.484256
1.468723
1.455464
1.441826
1.427052
1.411519
1.398639
1.388789
1.380075
1.374393
1.375150
1.383864
1.395987
1.406973
1.413413
1.416444
1.413413
1.407352
1.396366
1.384243
1.374393
1.366437
1.360376
1.351284
1.341434
1.329311
1.313779
1.293322
1.267940
1.239906
1.209977
1.176640
1.139514
1.098978
1.055791
1.008057
0.954641
0.894027
0.828488
0.757646
0.682636
0.602322
0.518978
0.436770
0.359867
0.292055
0.236366
0.196588
0.176510
0.175751
0.192042
0.220833
0.259475
0.305693
0.354184
0.402675
0.447757
0.490944
0.530722
0.565954
0.594367
0.616719
0.634145
0.647783
0.658012
0.663694
0.666346
0.666346
0.666346
0.664452
0.658769
0.648920
0.635281
0.619749
0.601186
0.582623
0.565196
0.550800
0.536405
0.518600
0.496627
0.470866
0.440938
0.404948
0.364792
0.325014
0.289781
0.259854
0.235229
0.214393
0.197345
0.182571
0.167796
0.150749
0.130291
0.109076
0.089377
0.074602
0.066647
0.063995
0.066268
0.070056
0.070813
0.065510
0.053008
0.038234
0.021565
0.007548
0.001108
0.007169
0.024217
0.044674
0.058312
0.062858
0.054145
0.033309
0.001108
-0.033366
-0.061400
-0.077312
-0.078448
-0.069356
-0.057991
-0.050793
-0.053066
-0.066325
-0.090571
-0.118226
-0.139062
-0.149291
-0.145503
-0.130728
-0.109513
-0.091708
-0.086783
-0.102315
-0.139441
-0.194372
-0.258017
-0.322041
-0.378487
-0.419023
-0.440237
-0.447057
-0.447436
-0.449709
-0.453497
-0.458422
-0.463726
-0.467514
-0.465620
-0.452361
-0.431146
-0.407279
-0.385685
-0.365228
-0.346665
-0.332269
-0.319767
-0.299310
-0.264458
-0.221649
-0.185659
-0.163686
-0.158004
-0.169748
-0.199297
-0.245137
-0.298173
-0.351211
-0.395535
-0.432282
-0.467135
-0.503504
-0.541387
-0.578892
-0.619049
-0.663752
-0.712622
-0.762628
-0.809983
-0.851655
-0.883477
-0.903177
-0.911511
-0.913406
-0.911132
-0.906207
-0.897874
-0.885750
-0.864536
-0.829304
-0.783843
-0.738762
-0.706560
-0.690650
-0.691028
-0.706939
-0.735352
-0.769826
-0.798239
-0.815286
-0.818318
-0.815666
-0.812635
-0.816802
-0.826273
-0.841048
-0.859611
-0.881583
-0.904314
-0.925528
-0.945228
-0.966443
-0.988795
-1.013797
-1.041453
-1.073654
-1.108128
-1.141466
-1.171394
-1.195639
-1.210035
-1.209656
-1.189957
-1.156240
-1.117220
-1.086534
-1.072896
-1.074790
-1.086156
-1.097142
-1.102825
-1.096384
-1.072896
-1.039179
-1.014176
-1.013040
-1.035770
-1.070623
-1.106613
-1.136920
-1.153589
-1.153589
-1.142224
-1.130100
-1.127827
-1.137299
-1.158134
-1.184653
-1.210035
-1.223673
-1.220264
-1.201701
-1.177077
-1.154725
-1.139192
-1.136541
-1.145633
-1.164954
-1.185790
-1.203216
-1.208899
-1.198670
-1.172909
-1.141087
-1.109643
-1.082746
-1.052818
-1.024784
-0.996750
-0.977429
-0.956214
-0.932727
-0.905450
-0.882720
-0.870218
-0.869840
-0.880446
-0.900146
-0.924392
-0.947122
-0.962276
-0.967201
-0.960382
-0.944470
-0.927044
-0.919846
-0.928938
-0.950910
-0.978566
-1.006600
-1.030087
-1.041831
-1.037665
-1.025541
-1.016828
-1.017207
-1.025921
-1.043347
-1.070623
-1.103203
-1.131237
-1.147148
-1.146769
-1.133510
-1.111538
-1.088429
-1.069865
-1.057743
-1.054712
-1.059637
-1.071002
-1.075548
-1.065319
-1.039558
-1.011525
-0.991825
-0.983491
-0.987658
-1.007357
-1.041831
-1.079716
-1.108886
-1.122524
-1.124039
-1.117599
-1.111159
-1.109643
-1.113431
-1.122145
-1.133131
-1.145633
-1.155861
-1.158513
-1.154346
-1.143360
-1.130100
-1.116083
-1.104339
-1.100551
-1.102066
-1.109643
-1.118357
-1.128585
-1.133510
-1.130859
-1.120630
-1.111917
-1.106991
-1.110022
-1.122524
-1.146012
-1.177077
-1.207762
-1.229735
-1.240721
-1.240342
-1.232008
-1.220643
-1.211929
-1.211172
-1.214960
-1.217991
-1.212687
-1.195639
-1.166469
-1.129722
-1.092596
-1.062668
-1.048651
-1.048271
-1.055091
-1.057743
-1.049787
-1.029709
-0.998644
-0.964927
-0.935757
-0.919467
-0.916058
-0.917194
-0.909996
-0.887266
-0.849761
-0.804301
-0.759219
-0.724365
-0.705045
-0.694059
-0.673981
-0.626247
-0.542903
-0.425084
-0.281505
-0.126182
0.021565
0.142414
0.227653
0.277280
0.301905
0.307209
0.303420
0.296601
0.297358
0.306829
0.323877
0.343576
0.360624
0.372369
0.373126
0.364034
0.348123
0.334484
0.329939
0.337515
0.355700
0.381461
0.409873
0.436392
0.453818
0.460258
0.455334
0.443211
0.429194
0.419723
0.420480
0.430330
0.447378
0.467835
0.485640
0.493975
0.487535
0.468972
0.447757
0.434877
0.438665
0.461016
0.498900
0.544739
0.585275
0.606869
0.603838
0.577320
0.538299
0.497005
0.465562
0.451545
0.455713
0.471623
0.489429
0.498900
0.495869
0.479958
0.457607
0.436392
0.424648
0.426921
0.443590
0.470487
0.498521
0.517463
0.518600
0.504961
0.484883
0.466320
0.453439
0.449273
0.456849
0.477685
0.503446
0.525418
0.531101
0.522766
0.505719
0.488671
0.479579
0.485262
0.511781
0.552316
0.593609
0.623916
0.634903
0.625432
0.595882
0.556862
0.522009
0.504582
0.507234
0.522009
0.538678
0.548528
0.548149
0.534890
0.508750
0.477306
0.452682
0.449273
0.483368
0.547770
0.627326
0.685667
0.715973
0.717868
0.703093
0.679227
0.655360
0.643237
0.647025
0.665967
0.694759
0.724687
0.745902
0.750448
0.738704
0.716732
0.695516
0.687182
0.701578
0.741356
0.794393
0.845157
0.878116
0.887966
0.871297
0.833035
0.784544
0.741735
0.717868
0.715595
0.731127
0.754615
0.775451
0.786816
0.784544
0.771284
0.751584
0.734158
0.724687
0.726202
0.736810
0.753100
0.768253
0.775830
0.770148
0.751963
0.728476
0.706881
0.695138
0.695516
0.711049
0.740219
0.772799
0.797424
0.804622
0.798561
0.783028
0.765980
0.753858
0.756888
0.778861
0.815608
0.858417
0.892512
0.908044
0.899331
0.874328
0.841748
0.811441
0.790984
0.784544
0.794014
0.811441
0.827352
0.832277
0.823185
0.803485
0.777724
0.754615
0.744766
0.749690
0.766359
0.785680
0.803864
0.815608
0.814471
0.799318
0.775830
0.753479
0.740977
0.742492
0.759161
0.786816
0.816745
0.839475
0.848945
0.845157
0.830762
0.813714
0.802349
0.806894
0.828488
0.862963
0.901225
0.930775
0.944791
0.936457
0.911832
0.876980
0.842127
0.813714
0.798561
0.800454
0.814850
0.832656
0.843642
0.846294
0.838717
0.824322
0.807274
0.795909
0.795909
0.808789
0.829625
0.852355
0.869782
0.876222
0.870161
0.855765
0.839854
0.830004
0.827731
0.837202
0.854249
0.873949
0.887208
0.889482
0.879631
0.860689
0.838717
0.825079
0.829246
0.850840
0.880768
0.908423
0.927365
0.933805
0.921304
0.892133
0.854249
0.823563
0.807274
0.808031
0.820154
0.837959
0.855386
0.869403
0.875085
0.872813
0.862584
0.854249
0.848945
0.851219
0.858037
0.868645
0.879253
0.887587
0.889102
0.881526
0.866372
0.848188
0.831519
0.817123
0.808031
0.803485
0.802728
0.799697
0.785301
0.753858
0.702715
0.636797
0.561408
0.487914
0.426542
0.381839
0.348501
0.322362
0.306450
0.307209
0.323877
0.354941
0.400023
0.465562
0.544739
0.625811
0.693243
0.742492
0.774315
0.793257
0.805001
0.812198
0.820911
0.833413
0.852355
0.872054
0.889102
0.899331
0.901983
0.894406
0.880389
0.863720
0.853113
0.848188
0.852355
0.861448
0.875085
0.885314
0.886072
0.877737
0.860689
0.840990
0.821670
0.812956
0.818260
0.839096
0.870161
0.905392
0.932669
0.944034
0.936078
0.916000
0.890618
0.867888
0.851976
0.848945
0.858417
0.873191
0.883799
0.883420
0.873949
0.856522
0.837202
0.822427
0.818260
0.826973
0.844021
0.862963
0.879631
0.887587
0.884935
0.869782
0.848567
0.826973
0.811819
0.804243
0.808031
0.820533
0.839096
0.852734
0.856901
0.847809
0.831140
0.811062
0.798181
0.800454
0.822427
0.858796
0.897437
0.927365
0.939109
0.930017
0.900467
0.861826
0.826594
0.805379
0.800833
0.809168
0.823563
0.837202
0.842505
0.837202
0.821670
0.801591
0.783407
0.772420
0.769768
0.775072
0.785301
0.797424
0.803485
0.798561
0.783028
0.762192
0.743629
0.733779
0.736052
0.751206
0.774693
0.799318
0.816366
0.822427
0.817123
0.804243
0.790605
0.783407
0.787574
0.802728
0.825079
0.850840
0.869782
0.876222
0.864478
0.840232
0.809926
0.780755
0.758403
0.747418
0.747418
0.752342
0.754994
0.749690
0.734158
0.709533
0.683015
0.660663
0.650435
0.651193
0.662937
0.679984
0.697032
0.708018
0.706881
0.696653
0.680363
0.666346
0.657633
0.657254
0.666346
0.681878
0.698547
0.708018
0.706124
0.694380
0.676196
0.658769
0.654223
0.669755
0.706503
0.750069
0.787953
0.808789
0.808031
0.782649
0.735673
0.678847
0.628841
0.599292
0.591337
0.599292
0.610657
0.618234
0.613687
0.596640
0.567469
0.534890
0.510265
0.500036
0.508750
0.531480
0.561787
0.588685
0.601943
0.596640
0.573909
0.543603
0.520494
0.512538
0.523903
0.549664
0.583002
0.611415
0.626568
0.622780
0.603459
0.575804
0.554968
0.551937
0.570500
0.607626
0.654981
0.701578
0.731885
0.736052
0.713701
0.675059
0.631493
0.592094
0.566333
0.559514
0.572016
0.590957
0.603459
0.599671
0.579971
0.549285
0.515948
0.490187
0.480716
0.493217
0.521630
0.556862
0.586411
0.602322
0.599292
0.577698
0.545876
0.514433
0.494733
0.492460
0.509508
0.538678
0.569364
0.589063
0.591337
0.577698
0.554211
0.530722
0.521630
0.538299
0.583381
0.642100
0.694759
0.727718
0.732264
0.708018
0.657254
0.595125
0.540572
0.509129
0.504961
0.523525
0.554589
0.584896
0.603080
0.606869
0.600429
0.590200
0.581486
0.579213
0.589821
0.612930
0.642100
0.664452
0.675059
0.672029
0.660285
0.642100
0.623159
0.608384
0.604595
0.613309
0.631872
0.654602
0.683773
0.727718
0.794014
0.887966
1.003512
1.131180
1.246346
1.328932
1.366817
1.366817
1.344465
1.320598
1.314537
1.347875
1.425536
1.531989
1.627077
1.680115
1.683903
1.644125
1.561539
1.440310
1.300141
1.169442
1.060337
0.971689
0.891375
0.811441
0.726202
0.641343
0.567091
0.501931
0.443211
0.394719
0.370474
0.370095
0.374641
0.363276
0.332969
0.284099
0.222728
0.148854
0.067404
-0.012530
-0.082236
-0.125803
-0.140956
-0.133759
-0.116332
-0.093981
-0.072008
-0.062537
-0.073523
-0.103830
-0.145503
-0.192857
-0.244379
-0.293628
-0.338710
-0.376972
-0.413719
-0.453876
-0.498957
-0.545555
-0.589878
-0.630793
-0.670192
-0.707318
-0.739519
-0.764902
-0.783086
-0.797103
-0.805816
-0.810362
-0.809225
-0.805058
-0.797481
-0.787632
-0.775509
-0.764143
-0.753915
-0.747475
-0.739898
-0.735352
-0.733079
-0.739519
-0.749748
-0.761871
-0.773236
-0.786874
-0.799754
-0.811498
-0.819833
-0.830440
-0.843699
-0.856959
-0.861884
-0.851276
-0.824000
-0.784222
-0.741413
-0.699742
-0.664889
-0.637612
-0.620943
-0.610336
-0.595940
-0.569421
-0.530780
-0.487592
-0.446299
-0.408415
-0.372047
-0.335300
-0.298173
-0.263699
-0.237938
-0.224300
-0.220133
-0.225058
-0.239833
-0.268624
-0.306887
-0.347044
-0.385685
-0.424327
-0.467893
-0.515626
-0.561466
-0.595561
-0.611472
-0.612609
-0.612230
-0.621322
-0.643673
-0.676633
-0.722472
-0.778919
-0.838775
-0.883857
-0.907344
-0.910754
-0.904692
-0.894085
-0.881962
-0.872870
-0.870976
-0.874385
-0.880068
-0.865293
-0.829304
-0.772857
-0.731942
-0.713380
-0.716789
-0.726260
-0.736868
-0.746338
-0.753536
-0.759598
-0.760734
-0.758082
-0.750127
-0.741413
-0.730428
-0.717547
-0.703908
-0.689134
-0.670950
-0.645947
-0.614882
-0.578892
-0.539493
-0.497443
-0.458043
-0.423190
-0.395156
-0.371289
-0.353484
-0.338710
-0.324693
-0.309160
-0.296658
-0.292112
-0.298932
-0.313706
-0.333785
-0.356515
-0.382276
-0.407658
-0.430767
-0.453876
-0.484940
-0.526234
-0.573588
-0.620943
-0.667161
-0.710728
-0.748990
-0.779676
-0.803543
-0.820969
-0.834229
-0.841427
-0.845215
-0.845215
-0.848246
-0.854686
-0.865672
-0.877037
-0.883477
-0.880068
-0.867945
-0.855064
-0.849761
-0.858096
-0.881205
-0.921740
-0.975156
-1.035391
-1.090322
-1.133131
-1.165333
-1.191472
-1.218748
-1.250571
-1.289591
-1.335809
-1.382406
-1.421805
-1.445293
-1.448324
-1.427867
-1.385816
-1.327854
-1.266103
-1.207762
-1.158892
-1.116083
-1.076306
-1.037286
-0.998644
-0.961139
-0.924013
-0.888023
-0.854307
-0.825137
-0.803543
-0.791799
-0.784222
-0.780434
-0.777024
-0.777024
-0.777024
-0.777024
-0.778160
-0.788389
-0.813771
-0.856201
-0.908859
-0.966822
-1.023647
-1.072896
-1.109265
-1.135026
-1.158892
-1.188820
-1.225568
-1.265346
-1.301335
-1.330884
-1.348311
-1.352857
-1.343007
-1.324066
-1.301714
-1.282772
-1.268376
-1.258147
-1.249813
-1.245267
-1.246404
-1.250192
-1.250571
-1.247161
-1.245646
-1.252465
-1.264967
-1.275195
-1.274438
-1.257011
-1.217612
-1.147527
-1.039938
-0.900525
-0.742929
-0.580029
-0.416750
-0.262184
-0.121635
0.001487
0.113243
0.215151
0.306829
0.387522
0.462531
0.531859
0.597019
0.654981
0.706881
0.751963
0.786059
0.809926
0.817123
0.814093
0.806516
0.795909
0.783785
0.764086
0.742114
0.714837
0.681499
0.634524
0.568606
0.483747
0.388279
0.285236
0.173100
0.050356
-0.077691
-0.209526
-0.351211
-0.509565
-0.688376
-0.880826
-1.074790
-1.254359
-1.402863
-1.509696
-1.572583
-1.596070
-1.595313
-1.578644
-1.557429
-1.535457
-1.514241
-1.500604
-1.496057
-1.505149
-1.523334
-1.550610
-1.583948
-1.611224
-1.615012
-1.582432
-1.521818
-1.450597
-1.380891
-1.313458
-1.259663
-1.228598
-1.214960
-1.198291
-1.175561
-1.158134
-1.152073
-1.144496
-1.136920
-1.136162
-1.151316
-1.166469
-1.174803
-1.180865
-1.193745
-1.208899
-1.218748
-1.229356
-1.244510
-1.264209
-1.280120
-1.298304
-1.324066
-1.356645
-1.395287
-1.435444
-1.479388
-1.521818
-1.560460
-1.593797
-1.621074
-1.643804
-1.662746
-1.680173
-1.692295
-1.705933
-1.717299
-1.735482
-1.758213
-1.789277
-1.827162
-1.868833
-1.912021
-1.949905
-1.976423
-1.991576
-2.002942
-2.010519
-2.015822
-2.015822
-2.015822
