-1.961591
-2.015596
-2.041322
-2.050553
-2.049106
-2.048691
-2.051121
-2.057299
-2.066792
-2.073977
-2.075732
-2.073046
-2.069425
-2.067300
-2.067296
-2.070212
-2.077554
-2.087893
-2.099305
-2.106992
-2.108909
-2.102835
-2.088426
-2.063733
-2.027721
-1.977213
-1.911683
-1.830131
-1.738894
-1.645957
-1.561071
-1.493455
-1.454279
-1.456546
-1.499394
-1.560767
-1.603217
-1.593904
-1.517926
-1.370776
-1.153628
-0.881747
-0.586542
-0.308696
-0.068669
0.133537
0.309450
0.466913
0.613550
0.754059
0.892517
1.024280
1.146905
1.257193
1.352891
1.430961
1.491349
1.537888
1.576194
1.608953
1.638485
1.662862
1.682811
1.697442
1.705649
1.703098
1.684039
1.650822
1.605551
1.550994
1.484303
1.404181
1.312209
1.210222
1.097329
0.970358
0.825124
0.662951
0.486012
0.295454
0.088213
-0.136333
-0.376130
-0.620867
-0.857371
-1.064530
-1.226663
-1.335750
-1.392710
-1.404695
-1.384125
-1.351785
-1.326923
-1.320606
-1.333753
-1.361125
-1.396408
-1.435470
-1.476071
-1.517049
-1.553816
-1.582700
-1.603784
-1.619900
-1.633910
-1.644952
-1.651133
-1.651971
-1.647678
-1.639336
-1.628214
-1.615904
-1.605701
-1.597980
-1.590529
-1.576951
-1.551252
-1.509409
-1.452369
-1.383343
-1.309808
-1.239648
-1.181743
-1.141655
-1.121058
-1.116712
-1.123029
-1.132315
-1.137876
-1.134394
-1.120221
-1.097924
-1.073115
-1.051897
-1.040073
-1.038913
-1.046282
-1.053840
-1.052896
-1.037481
-1.005600
-0.959763
-0.907312
-0.861420
-0.834344
-0.830267
-0.844602
-0.868168
-0.892140
-0.906204
-0.903748
-0.883880
-0.854887
-0.827622
-0.810507
-0.806835
-0.815258
-0.830376
-0.844359
-0.847436
-0.833777
-0.803380
-0.764778
-0.728118
-0.701825
-0.690109
-0.692809
-0.706684
-0.722773
-0.731466
-0.724068
-0.698153
-0.658255
-0.613497
-0.572626
-0.542068
-0.524359
-0.518852
-0.519662
-0.514317
-0.494233
-0.456170
-0.407363
-0.354993
-0.307481
-0.274008
-0.264721
-0.279083
-0.307589
-0.334800
-0.354344
-0.362767
-0.360068
-0.347758
-0.334476
-0.330373
-0.341063
-0.366492
-0.401964
-0.441808
-0.476092
-0.497094
-0.503196
-0.499200
-0.493963
-0.494179
-0.506489
-0.533321
-0.569927
-0.604804
-0.624727
-0.622999
-0.599190
-0.558967
-0.511618
-0.467184
-0.433818
-0.413247
-0.402666
-0.394675
-0.379450
-0.350295
-0.306131
-0.254138
-0.203388
-0.160574
-0.129152
-0.109931
-0.102535
-0.102805
-0.105396
-0.103074
-0.094328
-0.079481
-0.064039
-0.051028
-0.042444
-0.038826
-0.041634
-0.049408
-0.059288
-0.066577
-0.070141
-0.069925
-0.067441
-0.064256
-0.064201
-0.068359
-0.076565
-0.085689
-0.093140
-0.097405
-0.095786
-0.087471
-0.073488
-0.056805
-0.040878
-0.027435
-0.016960
-0.009024
-0.001951
0.005769
0.016136
0.029417
0.046154
0.063431
0.078872
0.088861
0.093342
0.093611
0.090804
0.086107
0.081895
0.080006
0.080816
0.081895
0.082004
0.080492
0.077145
0.070396
0.062189
0.054576
0.050420
0.049772
0.050689
0.054091
0.058950
0.065753
0.072717
0.079412
0.085999
0.093827
0.103492
0.115208
0.127734
0.139989
0.151705
0.162989
0.172383
0.180158
0.187015
0.195437
0.205371
0.213470
0.219517
0.223458
0.225348
0.222864
0.214279
0.202726
0.190956
0.180266
0.169468
0.160181
0.154782
0.153703
0.155106
0.155970
0.157482
0.158562
0.160722
0.163312
0.167848
0.175622
0.186960
0.201322
0.216331
0.230692
0.242354
0.251317
0.257688
0.261683
0.264599
0.266002
0.268810
0.272805
0.277988
0.282199
0.283711
0.282091
0.276044
0.266110
0.253800
0.243434
0.236739
0.234472
0.234796
0.236308
0.237495
0.236092
0.230476
0.222270
0.214388
0.211364
0.214279
0.223674
0.238791
0.256823
0.275396
0.291053
0.303363
0.311786
0.318804
0.324959
0.331330
0.337269
0.342452
0.347095
0.349147
0.346879
0.338781
0.325067
0.306602
0.283927
0.258552
0.231773
0.203698
0.171519
0.133834
0.088590
0.034169
-0.032779
-0.114736
-0.210083
-0.311477
-0.403584
-0.477658
-0.530892
-0.572356
-0.599028
-0.606154
-0.591037
-0.560371
-0.518690
-0.460273
-0.379396
-0.283509
-0.185679
-0.098971
-0.025869
0.034169
0.082220
0.121524
0.154134
0.183397
0.210176
0.234472
0.255744
0.272481
0.284358
0.289542
0.290082
0.286843
0.282199
0.276152
0.268270
0.260387
0.251857
0.243111
0.232096
0.219354
0.205209
0.190956
0.176810
0.164069
0.153811
0.147440
0.145280
0.147332
0.150572
0.152947
0.152191
0.150031
0.148087
0.147224
0.148952
0.154350
0.164932
0.177674
0.189336
0.197110
0.201754
0.205209
0.208125
0.215360
0.228317
0.246998
0.263734
0.272589
0.273129
0.266218
0.254664
0.240195
0.230585
0.229504
0.235660
0.240626
0.240195
0.234040
0.222702
0.205101
0.183397
0.161693
0.144848
0.131135
0.118933
0.108243
0.101548
0.101116
0.104140
0.108135
0.109323
0.107703
0.101980
0.093017
0.081140
0.069586
0.061811
0.059328
0.060623
0.062027
0.060084
0.054361
0.043131
0.028229
0.010737
-0.005353
-0.016906
-0.022845
-0.023925
-0.022089
-0.019930
-0.019714
-0.023169
-0.030188
-0.038934
-0.046925
-0.051244
-0.049085
-0.040662
-0.027920
-0.014531
-0.003517
0.002962
0.003502
-0.000601
-0.006216
-0.007836
-0.003193
0.008038
0.022615
0.037192
0.047018
0.047342
0.036760
0.017432
-0.005892
-0.027596
-0.042390
-0.047357
-0.044549
-0.039150
-0.035803
-0.037963
-0.047681
-0.065173
-0.086229
-0.105450
-0.117652
-0.121431
-0.116788
-0.106206
-0.094436
-0.086338
-0.084718
-0.088173
-0.094436
-0.100591
-0.104370
-0.102751
-0.094652
-0.082558
-0.071220
-0.064849
-0.065713
-0.073812
-0.088713
-0.105774
-0.119487
-0.124562
-0.120891
-0.112145
-0.104910
-0.105126
-0.118083
-0.146267
-0.188703
-0.238374
-0.286533
-0.324110
-0.348946
-0.362227
-0.371190
-0.382959
-0.404016
-0.435870
-0.475390
-0.515127
-0.546766
-0.562854
-0.560911
-0.542662
-0.516639
-0.491480
-0.475930
-0.472259
-0.478954
-0.489320
-0.496339
-0.493531
-0.479061
-0.455630
-0.429066
-0.405959
-0.390409
-0.386847
-0.394513
-0.409307
-0.422696
-0.428527
-0.424856
-0.412654
-0.395053
-0.377669
-0.368490
-0.373565
-0.393325
-0.422912
-0.455630
-0.484352
-0.502709
-0.507784
-0.502818
-0.495583
-0.494935
-0.505193
-0.527329
-0.557887
-0.590282
-0.615225
-0.625699
-0.619976
-0.602483
-0.578728
-0.557563
-0.546334
-0.552056
-0.573328
-0.603887
-0.632501
-0.649779
-0.649886
-0.633042
-0.605075
-0.577108
-0.560587
-0.563178
-0.584342
-0.616845
-0.647187
-0.661333
-0.649346
-0.612742
-0.562206
-0.514479
-0.483921
-0.478738
-0.500442
-0.540826
-0.585746
-0.618140
-0.628723
-0.615765
-0.585530
-0.548601
-0.517718
-0.500010
-0.492019
-0.488564
-0.484892
-0.484245
-0.480358
-0.471071
-0.456601
-0.448395
-0.455306
-0.477766
-0.514263
-0.560695
-0.614685
-0.668459
-0.712947
-0.740158
-0.749660
-0.745989
-0.737350
-0.731303
-0.735406
-0.751603
-0.777303
-0.803434
-0.821575
-0.825462
-0.815528
-0.796739
-0.775791
-0.761322
-0.761322
-0.783350
-0.827406
-0.886363
-0.950935
-1.013995
-1.071657
-1.118737
-1.151563
-1.172079
-1.186548
-1.200801
-1.216783
-1.232548
-1.248313
-1.264078
-1.279195
-1.290425
-1.296257
-1.299928
-1.303599
-1.307702
-1.310294
-1.315909
-1.328435
-1.349598
-1.377026
-1.408124
-1.442246
-1.476799
-1.508545
-1.532733
-1.547850
-1.554976
-1.558433
-1.555409
-1.541371
-1.515672
-1.487597
-1.468593
-1.458443
-1.456067
-1.460602
-1.478527
-1.507682
-1.540292
-1.566207
-1.585859
-1.602920
-1.619117
-1.629700
-1.631859
-1.625380
-1.608103
-1.577436
-1.536404
-1.496019
-1.464706
-1.444837
-1.435551
-1.437062
-1.448293
-1.461250
-1.469672
-1.469241
-1.463841
-1.457578
-1.453475
-1.448076
-1.436631
-1.418490
-1.397758
-1.378969
-1.361908
-1.346791
-1.334049
-1.328866
-1.329298
-1.332538
-1.326275
-1.303599
-1.264294
-1.220022
-1.184605
-1.158689
-1.136661
-1.116361
-1.103403
-1.099948
-1.096709
-1.088070
-1.079216
-1.080296
-1.096061
-1.118953
-1.144220
-1.164304
-1.174886
-1.173807
-1.164304
-1.150483
-1.129750
-1.100812
-1.069714
-1.044446
-1.028681
-1.019179
-1.017883
-1.026737
-1.045958
-1.067554
-1.086127
-1.100596
-1.115497
-1.132558
-1.152426
-1.173591
-1.196267
-1.221534
-1.249393
-1.278979
-1.308134
-1.338585
-1.371195
-1.406828
-1.441165
-1.471832
-1.495804
-1.510489
-1.512432
-1.499259
-1.471832
-1.433607
-1.385016
-1.326059
-1.258895
-1.191731
-1.130831
-1.076193
-1.026305
-0.983761
-0.954607
-0.939489
-0.931715
-0.925236
-0.916166
-0.905152
-0.884636
-0.845979
-0.780542
-0.683793
-0.555080
-0.396133
-0.216238
-0.028784
0.156078
0.329278
0.484986
0.616074
0.724918
0.818861
0.905461
0.984070
1.056634
1.126173
1.197871
1.270003
1.341270
1.410593
1.471062
1.513822
1.530019
1.524404
1.496977
1.449034
1.381006
1.304340
1.228754
1.155543
1.080605
1.005883
0.931808
0.860325
0.786251
0.713256
0.638318
0.558629
0.464902
0.356490
0.235336
0.107487
-0.025544
-0.155121
-0.272388
-0.365466
-0.431767
-0.474958
-0.501521
-0.516639
-0.519015
-0.511455
-0.502818
-0.505408
-0.522038
-0.546441
-0.575164
-0.611229
-0.657013
-0.704309
-0.742534
-0.768449
-0.787454
-0.804298
-0.816392
-0.820280
-0.816392
-0.809265
-0.799115
-0.782270
-0.755923
-0.722881
-0.686168
-0.645783
-0.600432
-0.554000
-0.512104
-0.477550
-0.446667
-0.417297
-0.392678
-0.375616
-0.364819
-0.355100
-0.344518
-0.338256
-0.336312
-0.337176
-0.332424
-0.322490
-0.312556
-0.307157
-0.305430
-0.301758
-0.297439
-0.295064
-0.298519
-0.302838
-0.306077
-0.307157
-0.310828
-0.314932
-0.314716
-0.307157
-0.295496
-0.282970
-0.267420
-0.245608
-0.218182
-0.185787
-0.144971
-0.090764
-0.023817
0.047450
0.113534
0.166876
0.202510
0.216763
0.209420
0.188904
0.166660
0.155862
0.161261
0.184153
0.217627
0.253261
0.280903
0.295589
0.293645
0.278311
0.257580
0.246134
0.253908
0.282415
0.326471
0.379166
0.428620
0.461878
0.469221
0.453672
0.424301
0.392987
0.370527
0.366640
0.381325
0.406376
0.428405
0.437475
0.428836
0.402921
0.369663
0.341372
0.330790
0.341156
0.370311
0.410911
0.452592
0.483474
0.491465
0.475915
0.444386
0.410048
0.382837
0.371607
0.381541
0.416095
0.463390
0.512197
0.546103
0.559276
0.551070
0.528178
0.507230
0.503343
0.525371
0.571154
0.627520
0.681942
0.717144
0.725134
0.703538
0.666177
0.630111
0.611107
0.613483
0.633351
0.662074
0.689500
0.705481
0.701162
0.676975
0.641990
0.608731
0.584112
0.569642
0.564460
0.567051
0.572666
0.572450
0.559708
0.531850
0.497728
0.468141
0.455831
0.467277
0.502263
0.557981
0.625577
0.696844
0.764223
0.824260
0.876522
0.922738
0.968738
1.021000
1.081037
1.141290
1.196144
1.243872
1.289655
1.333279
1.369992
1.398283
1.421606
1.446874
1.474301
1.499785
1.519221
1.534770
1.547511
1.556150
1.557230
1.552911
1.548592
1.546648
1.548376
1.551831
1.560901
1.574291
1.589624
1.601070
1.608628
1.617483
1.629361
1.642318
1.653332
1.665210
1.681839
1.703651
1.724815
1.743820
1.763040
1.787876
1.817462
1.845969
1.871884
1.896288
1.923499
1.950494
1.972954
1.988503
2.001245
2.012691
2.021329
2.021977
2.018954
2.017874
2.022841
2.029967
2.039038
2.052427
2.070784
2.088925
2.101882
2.111169
2.121967
2.134276
2.145722
2.153065
2.160408
2.171422
2.185027
2.196473
2.205112
2.216125
2.234050
2.256078
2.275730
2.292359
2.308556
2.327345
2.345054
2.356931
2.363410
2.368377
2.372697
2.373993
2.368377
2.360603
2.355852
2.355204
2.357580
2.361899
2.372913
2.388246
2.402715
2.411138
2.416753
2.424311
2.432950
2.438997
2.441372
2.445044
2.453034
2.462536
2.469231
2.473766
2.482621
2.498386
2.516742
2.530780
2.541578
2.552592
2.565981
2.576564
2.582178
2.583258
2.583258
2.581099
2.573324
2.558855
2.542874
2.531212
2.523869
2.518254
2.516095
2.521278
2.530348
2.537475
2.538986
2.540714
2.544385
2.548705
2.550864
2.550864
2.554104
2.561878
2.570517
2.577643
2.584122
2.596864
2.615868
2.635521
2.651070
2.663163
2.676121
2.689943
2.699229
2.700957
2.697717
2.692750
2.684112
2.666187
2.639408
2.610038
2.583042
2.555831
2.526677
2.496442
2.467504
2.434030
2.389326
2.332528
2.267308
2.195393
2.112680
2.018090
1.916156
1.816599
1.726327
1.648365
1.587465
1.552047
1.550535
1.583361
1.639511
1.710562
1.790467
1.879227
1.969499
2.052427
2.123046
2.184163
2.238369
2.284153
2.317411
2.340303
2.359955
2.394509
2.449795
2.521062
2.578939
2.609389
2.613277
2.607014
2.600751
2.595352
2.588873
2.578507
2.564038
2.544601
2.519766
2.489747
2.458217
2.429063
2.403795
2.382199
2.364490
2.350453
2.338143
2.324106
2.308340
2.292143
2.276379
2.261477
2.249167
2.242256
2.239881
2.239881
2.239881
2.239881
2.238801
2.233618
2.223684
2.210294
2.196041
2.180492
2.164727
2.150042
2.137516
2.124558
2.109441
2.091084
2.069057
2.042277
2.011395
1.980297
1.952222
1.928466
1.908382
1.892400
1.879443
1.867565
1.853096
1.836035
1.816383
1.795002
1.773622
1.754186
1.739716
1.728487
1.720064
1.712505
1.704947
1.693933
1.676656
1.653764
1.627633
1.600854
1.574291
1.549240
1.527643
1.509070
1.491146
1.470846
1.446874
1.417072
1.381870
1.342997
1.306500
1.274969
1.249702
1.230049
1.216444
1.205862
1.193552
1.174548
1.149929
1.122933
1.097234
1.075638
1.059657
1.049939
1.043028
1.036117
1.026399
1.013225
0.994869
0.972625
0.950165
0.931160
0.916907
0.906541
0.900926
0.898335
0.895527
0.889048
0.876954
0.861189
0.841321
0.821452
0.805471
0.797265
0.796401
0.798561
0.802880
0.805255
0.804176
0.796401
0.785387
0.775669
0.771782
0.775237
0.785603
0.800289
0.817565
0.833115
0.843049
0.846936
0.846936
0.846936
0.846936
0.846936
0.850823
0.855143
0.861189
0.865940
0.870259
0.868964
0.861621
0.850823
0.841752
0.832250
0.825771
0.821021
0.816270
0.807199
0.792082
0.771782
0.745003
0.711744
0.675031
0.639614
0.610243
0.587783
0.568779
0.551070
0.532929
0.513925
0.493193
0.472893
0.456911
0.451296
0.455183
0.470733
0.494056
0.525155
0.557117
0.586920
0.614130
0.640909
0.668121
0.696195
0.725566
0.753209
0.776101
0.792945
0.806767
0.819725
0.828795
0.837002
0.845208
0.857734
0.871556
0.881058
0.888400
0.892719
0.895311
0.891856
0.883217
0.872419
0.861621
0.849527
0.837434
0.827499
0.817997
0.807199
0.792082
0.773941
0.752777
0.729022
0.705697
0.686693
0.672008
0.661642
0.651276
0.644364
0.637886
0.629248
0.614562
0.599013
0.585623
0.576121
0.570507
0.572234
0.580873
0.591239
0.598149
0.599877
0.595557
0.587783
0.576985
0.568347
0.565755
0.571370
0.585623
0.601604
0.616290
0.621905
0.618882
0.605060
0.583032
0.554957
0.528178
0.508742
0.499671
0.497080
0.497080
0.494920
0.489306
0.476348
0.457775
0.435315
0.417606
0.403785
0.397738
0.398170
0.406808
0.415015
0.414151
0.400761
0.377869
0.349363
0.317401
0.285871
0.259092
0.240087
0.229720
0.222810
0.218059
0.213740
0.207693
0.199486
0.189984
0.181346
0.173139
0.163205
0.154566
0.148087
0.141177
0.132538
0.120877
0.109646
0.092370
0.069046
0.040107
0.016784
-0.003084
-0.022089
-0.041957
-0.054915
-0.063554
-0.073920
-0.090764
-0.108473
-0.120999
-0.130070
-0.134821
-0.137844
-0.137844
-0.137844
-0.139572
-0.142163
-0.142163
-0.140436
-0.137844
-0.137844
-0.137844
-0.137844
-0.141731
-0.146051
-0.152530
-0.157281
-0.161599
-0.163759
-0.164623
-0.170670
-0.182764
-0.200041
-0.218182
-0.241505
-0.271739
-0.308021
-0.345166
-0.384471
-0.428959
-0.478198
-0.527437
-0.575380
-0.623755
-0.674290
-0.726121
-0.778383
-0.830645
-0.879452
-0.919189
-0.946832
-0.959358
-0.958062
-0.942513
-0.920053
-0.894570
-0.870382
-0.844899
-0.819848
-0.791773
-0.761538
-0.724393
-0.686815
-0.652694
-0.626779
-0.605182
-0.585746
-0.574516
-0.571493
-0.571061
-0.565014
-0.557239
-0.552920
-0.552488
-0.552488
-0.552920
-0.558103
-0.568901
-0.585314
-0.605182
-0.626347
-0.647079
-0.660900
-0.671699
-0.679905
-0.691567
-0.706252
-0.728280
-0.756355
-0.785294
-0.808186
-0.820280
-0.823303
-0.817688
-0.806026
-0.796955
-0.797388
-0.811209
-0.829349
-0.846627
-0.859584
-0.863903
-0.857856
-0.840580
-0.823735
-0.813369
-0.811209
-0.811641
-0.814664
-0.819415
-0.828054
-0.829349
-0.822007
-0.803434
-0.783998
-0.770176
-0.768449
-0.781407
-0.808186
-0.843171
-0.879452
-0.907959
-0.922644
-0.918757
-0.899321
-0.872542
-0.852674
-0.849218
-0.862608
-0.884636
-0.906663
-0.918757
-0.916597
-0.897593
-0.868655
-0.838852
-0.821143
-0.823303
-0.846627
-0.884636
-0.925668
-0.958062
-0.973179
-0.967132
-0.940785
-0.903208
-0.867790
-0.848786
-0.850082
-0.869950
-0.899753
-0.924804
-0.932578
-0.911415
-0.868222
-0.813801
-0.767585
-0.740374
-0.743397
-0.776655
-0.831509
-0.887227
-0.924804
-0.936898
-0.923509
-0.893274
-0.855697
-0.827622
-0.820280
-0.836261
-0.866927
-0.900184
-0.923509
-0.927396
-0.907959
-0.869950
-0.823735
-0.783566
-0.762834
-0.766721
-0.790909
-0.822870
-0.847922
-0.859584
-0.850082
-0.821575
-0.778383
-0.734327
-0.702365
-0.692430
-0.705388
-0.736055
-0.770608
-0.796523
-0.806890
-0.798251
-0.774496
-0.740806
-0.709708
-0.695886
-0.702365
-0.725256
-0.749444
-0.765857
-0.765426
-0.746421
-0.712731
-0.677314
-0.653989
-0.653989
-0.677746
-0.718346
-0.760674
-0.790476
-0.796091
-0.775791
-0.736055
-0.690703
-0.655286
-0.643623
-0.658309
-0.694590
-0.735623
-0.767153
-0.778383
-0.766721
-0.736055
-0.695886
-0.659173
-0.640600
-0.646647
-0.675586
-0.713163
-0.741669
-0.747716
-0.726553
-0.680336
-0.615981
-0.551625
-0.508432
-0.499794
-0.522686
-0.563718
-0.610798
-0.650102
-0.666515
-0.656149
-0.625483
-0.593953
-0.571061
-0.564150
-0.568038
-0.576675
-0.575812
-0.557239
-0.516639
-0.459193
-0.394837
-0.336959
-0.299383
-0.289880
-0.306725
-0.341711
-0.382744
-0.418593
-0.436733
-0.429391
-0.396133
-0.346894
-0.298086
-0.264829
-0.257054
-0.274331
-0.304565
-0.328753
-0.329617
-0.297223
-0.232866
-0.150370
-0.078239
-0.041094
-0.048869
-0.093788
-0.159872
-0.228979
-0.279083
-0.295496
-0.276491
-0.238050
-0.199177
-0.175853
-0.173262
-0.189675
-0.217750
-0.244960
-0.261805
-0.260942
-0.244529
-0.218182
-0.190970
-0.172830
-0.170238
-0.185787
-0.213862
-0.245392
-0.271739
-0.282970
-0.272171
-0.235890
-0.183196
-0.130933
-0.094220
-0.082990
-0.092492
-0.116680
-0.135684
-0.134389
-0.100267
-0.041094
0.025422
0.078980
0.104896
0.095825
0.053929
-0.006108
-0.062690
-0.097243
-0.106314
-0.094652
-0.073056
-0.051460
-0.041525
-0.051460
-0.082990
-0.127478
-0.171966
-0.212998
-0.276059
-0.362011
-0.457034
-0.510592
-0.530028
-0.528301
-0.539099
-0.560695
-0.588769
-0.612526
-0.622892
-0.618140
-0.601727
-0.580995
-0.564582
-0.555944
-0.560695
-0.577108
-0.598704
-0.613821
-0.610798
-0.587474
-0.548601
-0.504977
-0.468264
-0.441917
-0.434574
-0.441485
-0.461353
-0.477334
-0.484677
-0.476902
-0.457466
-0.429823
-0.401747
-0.382311
-0.372809
-0.371081
-0.373241
-0.377560
-0.381447
-0.378424
-0.367626
-0.351645
-0.335232
-0.324434
-0.319683
-0.324002
-0.330913
-0.339119
-0.343438
-0.341279
-0.333937
-0.320546
-0.307157
-0.297223
-0.293336
-0.293336
-0.293336
-0.293336
-0.290312
-0.282106
-0.266989
-0.247552
-0.226388
-0.206951
-0.194858
-0.189675
-0.193562
-0.199609
-0.208247
-0.208679
-0.206951
-0.202632
-0.199177
-0.194858
-0.190538
-0.193994
-0.202632
-0.215590
-0.224229
-0.228547
-0.228547
-0.224229
-0.217318
-0.206951
-0.198313
-0.193562
-0.195290
-0.199609
-0.202632
-0.199609
-0.191834
-0.177149
-0.157712
-0.136980
-0.117544
-0.101563
-0.091197
-0.086445
-0.085150
-0.080830
-0.073920
-0.062690
-0.049301
-0.034615
-0.025113
-0.022521
-0.026841
-0.034615
-0.045845
-0.058803
-0.068305
-0.069169
-0.063122
-0.054483
-0.049732
-0.047141
-0.048869
-0.053188
-0.057507
-0.060098
-0.056211
-0.046709
-0.031591
-0.014315
0.002530
0.017647
0.026718
0.030605
0.030605
0.030605
0.030605
0.030605
0.034060
0.039676
0.048314
0.053497
0.055657
0.051337
0.042699
0.031901
0.022398
0.013760
0.010737
0.011600
0.015919
0.017647
0.015488
0.008577
-0.003949
-0.018202
-0.028568
-0.031591
-0.025976
-0.012155
0.006418
0.026286
0.042699
0.056520
0.064727
0.069046
0.072502
0.078980
0.088914
0.098849
0.109215
0.116558
0.116990
0.111374
0.099712
0.083299
0.059544
0.034492
0.010305
-0.012587
-0.038070
-0.065713
-0.096379
-0.131797
-0.176285
-0.231139
-0.295496
-0.361579
-0.420320
-0.460489
-0.476471
-0.478198
-0.473447
-0.468264
-0.459193
-0.451851
-0.446236
-0.440188
-0.420320
-0.383607
-0.331777
-0.275627
-0.223364
-0.178012
-0.140868
-0.108905
-0.082126
-0.058803
-0.040662
-0.023385
-0.006108
0.012032
0.024558
0.033629
0.034060
0.033629
0.028013
0.021535
0.010305
-0.001789
-0.012587
-0.022089
-0.030728
-0.041094
-0.052756
-0.067009
-0.081695
-0.095948
-0.108042
-0.117544
-0.122727
-0.123591
-0.119271
-0.113224
-0.105882
-0.101563
-0.098971
-0.098971
-0.097243
-0.092924
-0.088605
-0.084285
-0.079967
-0.071328
-0.064417
-0.060962
-0.065282
-0.071328
-0.079103
-0.083422
-0.082558
-0.076079
-0.067009
-0.057075
-0.045413
-0.032888
-0.020794
-0.015610
-0.015610
-0.019497
-0.021225
-0.021225
-0.025544
-0.029864
-0.036343
-0.040662
-0.044981
-0.051028
-0.055348
-0.057075
-0.050596
-0.038934
-0.023817
-0.009131
0.000803
0.002962
-0.001357
-0.008268
-0.018202
-0.030728
-0.041094
-0.046709
-0.047141
-0.043685
-0.039366
-0.030728
-0.025544
-0.021225
-0.021225
-0.021225
-0.017770
-0.011723
-0.000925
0.010305
0.021535
0.028013
0.030605
0.030605
0.030605
0.032765
0.038379
0.048314
0.061271
0.078980
0.097121
0.112238
0.119149
0.121309
0.121309
0.125196
0.131674
0.140313
0.147224
0.154566
0.163205
0.169684
0.173139
0.173139
0.173139
0.176594
0.181778
0.191280
0.202078
0.214172
0.226265
0.237064
0.245701
0.247430
0.240951
0.227561
0.212876
0.202941
0.199054
0.199054
0.199054
0.199054
0.199054
0.195167
0.183937
0.163205
0.139450
0.117421
0.101440
0.087186
0.071206
0.050905
0.027150
0.000803
-0.029000
-0.060098
-0.086877
-0.103722
-0.110633
-0.109337
-0.102858
-0.091197
-0.075216
-0.056643
-0.036775
-0.018202
0.001235
0.025422
0.055657
0.089778
0.124332
0.159750
0.195599
0.229720
0.258659
0.284143
0.306602
0.327767
0.345475
0.361457
0.378733
0.396442
0.410695
0.417606
0.419334
0.419334
0.419334
0.416742
0.413719
0.413719
0.416311
0.420198
0.424517
0.428836
0.432723
0.432723
0.436179
0.438339
0.438339
0.436179
0.437907
0.442658
0.450000
0.454752
0.462958
0.470301
0.478507
0.484986
0.490601
0.499240
0.505718
0.510037
0.514356
0.518676
0.522995
0.522995
0.522995
0.522995
0.522995
0.520835
0.516516
0.512197
0.510037
0.510037
0.511765
0.516084
0.520403
0.522995
0.522995
0.522995
0.524723
0.529042
0.533793
0.540703
0.548910
0.557117
0.562732
0.567483
0.573962
0.581304
0.585623
0.591239
0.597286
0.605924
0.611107
0.613698
0.613698
0.611539
0.607220
0.602901
0.600741
0.600741
0.598149
0.593830
0.592534
0.591670
0.591670
0.588647
0.587783
0.590807
0.595126
0.599445
0.603764
0.608083
0.612403
0.616290
0.621473
0.630111
0.636158
0.639614
0.639614
0.639614
0.639614
0.639614
0.640909
0.645229
0.649548
0.652571
0.648684
0.644364
0.637022
0.632271
0.627952
0.626224
0.621905
0.615858
0.607651
0.603333
0.600741
0.598149
0.597717
0.597717
0.602469
0.607220
0.614130
0.620609
0.626656
0.633135
0.643501
0.657755
0.673736
0.684965
0.692740
0.697923
0.702242
0.701810
0.697491
0.693172
0.690581
0.686261
0.677191
0.662074
0.641342
0.614994
0.584328
0.552797
0.519540
0.483259
0.441794
0.397306
0.352386
0.306171
0.260387
0.215899
0.177890
0.145496
0.120013
0.101008
0.089346
0.085027
0.090210
0.109215
0.142905
0.184801
0.228425
0.272481
0.316968
0.362320
0.403785
0.443521
0.483259
0.524723
0.565323
0.599013
0.623633
0.640046
0.650843
0.660778
0.672008
0.682806
0.689716
0.691444
0.691444
0.688853
0.679782
0.664234
0.646956
0.633999
0.623633
0.613698
0.605492
0.597286
0.592534
0.588215
0.591670
0.595990
0.600309
0.600741
0.604628
0.608948
0.613267
0.613698
0.618017
0.626224
0.639182
0.652140
0.661210
0.665529
0.665529
0.665529
0.665529
0.668984
0.670280
0.670280
0.666824
0.665529
0.662937
0.653867
0.639614
0.624928
0.614994
0.606788
0.598149
0.591239
0.583464
0.579145
0.575257
0.579576
0.583896
0.587783
0.587783
0.587783
0.587783
0.586920
0.583896
0.583896
0.589079
0.600741
0.613267
0.621473
0.621473
0.614562
0.606356
0.605060
0.608083
0.609380
0.606356
0.602036
0.599877
0.593398
0.578713
0.558844
0.541136
0.519540
0.367503
0.050042
-0.409954
-0.763266
-0.945104
-0.977067
-0.986137
-1.006005
-1.027602
-1.044878
-1.048765
-1.038831
-1.015508
-0.987864
-0.961949
-0.946832
-0.946832
-0.961949
-0.983545
-0.999526
-1.000390
-0.982250
-0.947264
-0.896729
-0.839284
-0.787021
-0.755060
-0.744261
-0.746853
-0.747716
-0.739078
-0.717482
-0.684656
-0.648807
-0.621163
-0.610798
-0.625483
-0.664356
-0.721369
-0.780975
-0.829782
-0.863471
-0.881180
-0.888523
-0.889387
-0.889818
-0.895865
-0.910119
-0.935170
-0.964972
-0.993048
-1.010756
-1.013780
-1.002118
-0.981818
-0.960222
-0.948128
-0.951151
-0.970588
-0.999095
-1.025010
-1.036671
-1.023714
-0.986569
-0.936466
-0.892410
-0.867790
-0.869518
-0.896729
-0.945536
-1.003845
-1.053517
-1.079432
-1.078136
-1.057836
-1.032784
-1.013348
-1.009029
-1.021555
-1.048765
-1.078568
-1.099732
-1.104051
-1.088502
-1.056108
-1.012916
-0.971451
-0.943377
-0.932578
-0.937762
-0.946401
-0.951583
-0.944672
-0.926100
-0.895002
-0.853537
-0.807322
-0.767153
-0.745989
-0.745125
-0.758082
-0.774928
-0.791773
-0.803867
-0.806457
-0.796523
-0.780110
-0.772768
-0.784862
-0.818551
-0.863471
-0.912278
-0.956766
-0.987864
-0.999526
-0.992184
-0.980090
-0.977930
-0.993911
-1.027602
-1.071225
-1.117009
-1.151563
-1.165384
-1.153723
-1.121328
-1.079864
-1.042718
-1.021555
-1.021986
-1.041423
-1.072089
-1.101460
-1.119169
-1.118305
-1.097572
-1.065610
-1.033649
-1.014644
-1.012052
-1.020258
-1.027170
-1.018963
-0.982250
-0.906663
-0.789613
-0.641032
-0.476038
-0.310180
-0.152097
-0.009996
0.114830
0.221946
0.320424
0.412855
0.499671
0.575689
0.644797
0.710449
0.778261
0.842185
0.903517
0.954916
0.995949
1.018409
1.023159
1.012362
0.991630
0.970033
0.955780
0.950597
0.943686
0.919066
0.865940
0.784308
0.674168
0.542432
0.392987
0.242678
0.097121
-0.043254
-0.190106
-0.352509
-0.538235
-0.750308
-0.987432
-1.235355
-1.470320
-1.670732
-1.820608
-1.916927
-1.957959
-1.955368
-1.925997
-1.891011
-1.864664
-1.851707
-1.849979
-1.862937
-1.892308
-1.935499
-1.983011
-2.027930
-2.059029
-2.059029
-2.021019
-1.957959
-1.887124
-1.815425
-1.745454
-1.693623
-1.660797
-1.644385
-1.622788
-1.604648
-1.591690
-1.596873
-1.601193
-1.609830
-1.612422
-1.620197
-1.615878
-1.605512
-1.593418
-1.589099
-1.590827
-1.599465
-1.608103
-1.607240
-1.590827
-1.573549
-1.570958
-1.588235
-1.624516
-1.676347
-1.737680
-1.797284
-1.842204
-1.873303
-1.891443
-1.911311
-1.936363
-1.973509
-2.014972
-2.057301
-2.099630
-2.141093
-2.182558
-2.218839
-2.255985
-2.293994
-2.336322
-2.374331
-2.405429
-2.427026
-2.439119
-2.444302
-2.444302
-2.444302
-2.444302
-2.444302
