-1.796573
-1.900339
-1.963525
-1.991666
-1.996068
-2.000392
-2.006565
-2.011674
-2.012733
-2.007527
-1.995331
-1.978795
-1.962507
-1.952240
-1.950304
-1.955256
-1.966031
-1.977622
-1.982804
-1.968552
-1.926769
-1.857430
-1.763629
-1.646712
-1.508222
-1.352126
-1.185915
-1.016416
-0.860076
-0.731888
-0.636186
-0.564326
-0.522799
-0.535009
-0.605261
-0.691184
-0.731248
-0.698148
-0.604759
-0.455467
-0.232650
0.072119
0.415434
0.731097
0.990467
1.211153
1.414091
1.597471
1.752823
1.894941
2.038898
2.190057
2.336117
2.467996
2.575706
2.657714
2.714982
2.751410
2.772041
2.784857
2.796238
2.799902
2.786139
2.763571
2.749711
2.746980
2.739249
2.718395
2.696329
2.677969
2.644801
2.569019
2.449678
2.311293
2.177380
2.042199
1.888115
1.715001
1.539507
1.359401
1.155446
0.907261
0.623109
0.319036
0.019448
-0.243251
-0.443626
-0.572761
-0.635726
-0.637705
-0.590954
-0.526986
-0.478703
-0.468395
-0.502691
-0.580311
-0.686405
-0.806263
-0.931525
-1.058012
-1.173608
-1.264071
-1.331161
-1.388581
-1.443439
-1.488824
-1.510611
-1.500804
-1.459933
-1.396438
-1.324167
-1.257859
-1.206260
-1.165444
-1.122817
-1.060966
-0.967521
-0.837494
-0.672391
-0.487312
-0.301982
-0.140752
-0.017551
0.069988
0.132145
0.179063
0.205252
0.206924
0.188174
0.165300
0.144321
0.124428
0.100886
0.078207
0.056057
0.028336
-0.011087
-0.057447
-0.096648
-0.114812
-0.105870
-0.069511
-0.018052
0.030259
0.050987
0.034270
-0.013873
-0.077452
-0.139609
-0.187474
-0.209150
-0.202296
-0.176413
-0.147995
-0.127545
-0.123923
-0.135569
-0.162872
-0.192795
-0.215586
-0.222439
-0.213356
-0.192684
-0.168222
-0.151004
-0.150001
-0.167108
-0.195749
-0.229738
-0.262002
-0.281226
-0.276601
-0.244505
-0.200819
-0.160699
-0.137854
-0.135569
-0.153455
-0.186275
-0.218984
-0.236369
-0.228401
-0.194801
-0.149110
-0.104867
-0.079736
-0.079123
-0.101189
-0.133285
-0.162371
-0.177806
-0.177583
-0.164544
-0.148385
-0.137909
-0.140974
-0.160588
-0.195358
-0.238932
-0.279331
-0.305464
-0.310702
-0.297440
-0.273313
-0.248628
-0.233193
-0.233695
-0.250523
-0.279777
-0.314992
-0.343578
-0.352326
-0.330427
-0.284401
-0.224947
-0.163319
-0.105034
-0.056221
-0.020003
0.006633
0.032098
0.065474
0.109773
0.163768
0.218096
0.265626
0.299728
0.320178
0.328926
0.332883
0.337786
0.349321
0.366984
0.387434
0.402033
0.404485
0.394343
0.381193
0.373782
0.376847
0.387323
0.402368
0.420922
0.440927
0.455359
0.459928
0.453353
0.445384
0.441094
0.444493
0.453520
0.467673
0.487677
0.514368
0.545795
0.576943
0.601795
0.616505
0.621799
0.621688
0.621019
0.622579
0.626925
0.634615
0.646317
0.660470
0.672283
0.675961
0.670110
0.658408
0.650385
0.651666
0.663869
0.679192
0.692565
0.701704
0.706886
0.703431
0.688833
0.665262
0.645370
0.636342
0.640410
0.651053
0.665373
0.680976
0.698361
0.713461
0.723658
0.728450
0.730011
0.732407
0.737254
0.746448
0.761326
0.780550
0.801557
0.819054
0.830087
0.834377
0.833263
0.828749
0.823902
0.825852
0.838501
0.861235
0.881908
0.894389
0.895337
0.888595
0.873605
0.852431
0.831424
0.820781
0.823344
0.835380
0.847862
0.857669
0.863798
0.869482
0.873828
0.877840
0.882520
0.890879
0.903249
0.917068
0.929661
0.941697
0.952730
0.962537
0.969223
0.972789
0.975241
0.975019
0.972233
0.967774
0.968332
0.976690
0.989506
0.995970
0.994187
0.985494
0.974908
0.960196
0.942923
0.928993
0.925204
0.930330
0.938242
0.941808
0.941363
0.939580
0.940917
0.945820
0.954848
0.968221
0.985271
1.003659
1.019373
1.031632
1.041996
1.052026
1.062056
1.069522
1.074426
1.076766
1.076321
1.071194
1.062502
1.055147
1.051914
1.049351
1.038987
1.019930
0.993741
0.963540
0.926653
0.882744
0.835938
0.788240
0.737311
0.675125
0.596335
0.502277
0.400194
0.307362
0.232806
0.180540
0.140308
0.114008
0.106764
0.121475
0.151787
0.194581
0.256099
0.341909
0.441429
0.540390
0.626201
0.695742
0.749458
0.791249
0.829697
0.869259
0.907484
0.940026
0.966326
0.988281
1.003771
1.010458
1.009343
1.008563
1.009343
1.011126
1.008118
1.001207
0.991067
0.980033
0.969000
0.958079
0.946600
0.932670
0.916177
0.898457
0.880292
0.864132
0.850313
0.841176
0.836161
0.832595
0.827580
0.818775
0.806071
0.791472
0.779436
0.775647
0.781442
0.791137
0.800499
0.807743
0.812869
0.812758
0.806628
0.797043
0.790469
0.787348
0.787348
0.786234
0.782556
0.774643
0.764057
0.752244
0.739985
0.725832
0.708669
0.690838
0.674122
0.659968
0.649715
0.643252
0.641023
0.639352
0.635340
0.627205
0.614723
0.598898
0.584521
0.578392
0.585302
0.601907
0.618289
0.630548
0.636454
0.637234
0.630659
0.619626
0.610711
0.610153
0.617397
0.628653
0.637568
0.641023
0.637123
0.629099
0.619180
0.609708
0.600012
0.590874
0.583295
0.576832
0.569922
0.561341
0.550754
0.540502
0.530360
0.521333
0.512863
0.505174
0.498933
0.496369
0.501384
0.514312
0.529134
0.536378
0.534484
0.527017
0.520219
0.514647
0.511638
0.515427
0.527908
0.546296
0.560561
0.563682
0.553875
0.535041
0.513086
0.492915
0.479877
0.474638
0.474527
0.473859
0.468844
0.458702
0.442431
0.419808
0.395179
0.377571
0.374339
0.383144
0.396963
0.411004
0.425937
0.438754
0.444548
0.438642
0.425158
0.414682
0.413345
0.418917
0.426384
0.432178
0.438754
0.440537
0.433070
0.411673
0.383367
0.356620
0.343916
0.348150
0.368656
0.394511
0.415351
0.421145
0.407215
0.370327
0.317503
0.260667
0.218096
0.201268
0.209626
0.229018
0.240942
0.233921
0.212413
0.181877
0.147887
0.115011
0.100078
0.114008
0.152902
0.193690
0.221551
0.230132
0.219210
0.187449
0.139306
0.086482
0.042684
0.016272
0.011926
0.025857
0.048479
0.068651
0.079795
0.079683
0.066422
0.043130
0.019281
0.005239
0.003122
0.009809
0.022291
0.036778
0.042239
0.026860
-0.011142
-0.061515
-0.110773
-0.151896
-0.177193
-0.186109
-0.181094
-0.175856
-0.180202
-0.200039
-0.234475
-0.279944
-0.324967
-0.365198
-0.433624
-0.542727
-0.688829
-0.798266
-0.862123
-0.886307
-0.911159
-0.939688
-0.967437
-0.990060
-1.003656
-1.006999
-0.999087
-0.983708
-0.970000
-0.967548
-0.981368
-1.007334
-1.038873
-1.068517
-1.084007
-1.074869
-1.037535
-0.987162
-0.943922
-0.921745
-0.923417
-0.949718
-0.996747
-1.050574
-1.088687
-1.097603
-1.081778
-1.053249
-1.024051
-1.002876
-0.999756
-1.015803
-1.044779
-1.074200
-1.095374
-1.103398
-1.096488
-1.077543
-1.054586
-1.037424
-1.032297
-1.044333
-1.075314
-1.124572
-1.182300
-1.237130
-1.278141
-1.299984
-1.300876
-1.282376
-1.249388
-1.208600
-1.170487
-1.140620
-1.121897
-1.111199
-1.103398
-1.095374
-1.083339
-1.066845
-1.045002
-1.019816
-0.995075
-0.974124
-0.958967
-0.952504
-0.951612
-0.953841
-0.954510
-0.955847
-0.958076
-0.960305
-0.963648
-0.972563
-0.989503
-1.012014
-1.034749
-1.053917
-1.068405
-1.074869
-1.073532
-1.064170
-1.050574
-1.036532
-1.023382
-1.012683
-1.003545
-0.997750
-0.997973
-1.004214
-1.013129
-1.021153
-1.025610
-1.029622
-1.031406
-1.029622
-1.022267
-1.012014
-1.002653
-0.997081
-0.994629
-0.994629
-0.996859
-1.001762
-1.009786
-1.018924
-1.029176
-1.038984
-1.047676
-1.052580
-1.057484
-1.061941
-1.067291
-1.071971
-1.078658
-1.090025
-1.104513
-1.121229
-1.140843
-1.165583
-1.194559
-1.224871
-1.253623
-1.278141
-1.295972
-1.305333
-1.308676
-1.306893
-1.300653
-1.286388
-1.264322
-1.239359
-1.217516
-1.201245
-1.190547
-1.190100
-1.203920
-1.229997
-1.257636
-1.281930
-1.300876
-1.318706
-1.332971
-1.345230
-1.355705
-1.368633
-1.386241
-1.408975
-1.436613
-1.470492
-1.510166
-1.554074
-1.595086
-1.629856
-1.655042
-1.669976
-1.675102
-1.673764
-1.671312
-1.669976
-1.672650
-1.678446
-1.688029
-1.697390
-1.705192
-1.711432
-1.717227
-1.723468
-1.728371
-1.733498
-1.738178
-1.741968
-1.743528
-1.743528
-1.743528
-1.744642
-1.747540
-1.751552
-1.751998
-1.747763
-1.737733
-1.721908
-1.701849
-1.681120
-1.666409
-1.658386
-1.654373
-1.655488
-1.658162
-1.661952
-1.657048
-1.643229
-1.623169
-1.602664
-1.582604
-1.562099
-1.542485
-1.529557
-1.523539
-1.522870
-1.522870
-1.524207
-1.527551
-1.534014
-1.539364
-1.541370
-1.534907
-1.520864
-1.498576
-1.468486
-1.427921
-1.376211
-1.312688
-1.238690
-1.155776
-1.065507
-0.969220
-0.867138
-0.763719
-0.664311
-0.572705
-0.486448
-0.401752
-0.317500
-0.234810
-0.156130
-0.081241
-0.015935
0.040009
0.087039
0.131171
0.174188
0.215421
0.249969
0.267577
0.260891
0.229463
0.177308
0.111111
0.038895
-0.026410
-0.079903
-0.127601
-0.179756
-0.245508
-0.323964
-0.412227
-0.503387
-0.596331
-0.691281
-0.785339
-0.873602
-0.954955
-1.033189
-1.105404
-1.162017
-1.193444
-1.201245
-1.189878
-1.162908
-1.122343
-1.073085
-1.022044
-0.973233
-0.930438
-0.896337
-0.872042
-0.854879
-0.843067
-0.836380
-0.833928
-0.829916
-0.821892
-0.813200
-0.808296
-0.807405
-0.807405
-0.807850
-0.811194
-0.815651
-0.821892
-0.825235
-0.827465
-0.825905
-0.822338
-0.815875
-0.808519
-0.798935
-0.787122
-0.772635
-0.759484
-0.748785
-0.737195
-0.722485
-0.705769
-0.690166
-0.674341
-0.654504
-0.630433
-0.602795
-0.573597
-0.545959
-0.522779
-0.505839
-0.493358
-0.485111
-0.480876
-0.479762
-0.479316
-0.476418
-0.471961
-0.467057
-0.463268
-0.459479
-0.454352
-0.447443
-0.437859
-0.426714
-0.415570
-0.405318
-0.391722
-0.372776
-0.349596
-0.328867
-0.311260
-0.292983
-0.274261
-0.258658
-0.249074
-0.240158
-0.228123
-0.214304
-0.196918
-0.174630
-0.146992
-0.122697
-0.105089
-0.091716
-0.077675
-0.065193
-0.056500
-0.049368
-0.036440
-0.017941
0.003680
0.023739
0.044690
0.065864
0.088599
0.109773
0.126712
0.137634
0.146995
0.163711
0.190235
0.220994
0.249077
0.274487
0.299672
0.317503
0.323744
0.319509
0.318841
0.325973
0.339569
0.361190
0.390387
0.426049
0.452796
0.468398
0.476644
0.485114
0.494029
0.502054
0.516764
0.543287
0.581178
0.622412
0.660303
0.696411
0.728283
0.760379
0.787125
0.810528
0.826799
0.843739
0.868702
0.903249
0.939356
0.970115
0.997307
1.021602
1.033861
1.030295
1.014024
1.000428
0.990398
0.984603
0.981482
0.981705
0.978808
0.958525
0.919966
0.867587
0.807408
0.736530
0.655845
0.576275
0.504951
0.444772
0.391725
0.350045
0.327310
0.329985
0.363195
0.419585
0.495144
0.580064
0.678134
0.787571
0.903027
1.013133
1.113432
1.206597
1.289957
1.354817
1.399395
1.432827
1.470049
1.510837
1.556307
1.605565
1.660395
1.709653
1.741748
1.758019
1.766043
1.770278
1.767826
1.761362
1.761362
1.770501
1.786326
1.798138
1.805270
1.807500
1.807945
1.806608
1.800813
1.790560
1.778301
1.775850
1.788108
1.811957
1.838258
1.864113
1.892643
1.917828
1.932316
1.933208
1.933876
1.943906
1.963298
1.992272
2.029271
2.073849
2.109734
2.130017
2.137372
2.139600
2.138263
2.130685
2.123330
2.125781
2.138709
2.156540
2.168576
2.176600
2.179497
2.181503
2.178828
2.171251
2.158100
2.145618
2.144281
2.157209
2.179497
2.202232
2.224298
2.248815
2.267537
2.275561
2.271327
2.270435
2.278682
2.296067
2.322367
2.357138
2.397035
2.426010
2.440052
2.442281
2.441389
2.435594
2.425118
2.416649
2.419546
2.432028
2.446069
2.454093
2.458774
2.459443
2.458774
2.452533
2.442503
2.427347
2.414642
2.412859
2.424227
2.442503
2.459889
2.476382
2.493322
2.502683
2.501791
2.492207
2.489755
2.496219
2.512935
2.538344
2.572446
2.608108
2.630174
2.637975
2.636860
2.633740
2.625270
2.612566
2.605210
2.609445
2.622373
2.633517
2.637975
2.638420
2.634186
2.628837
2.617024
2.602313
2.582476
2.568434
2.566428
2.577796
2.593621
2.608331
2.623487
2.637752
2.643770
2.639535
2.630842
2.631957
2.642655
2.664275
2.694588
2.732924
2.768586
2.789538
2.796670
2.796670
2.793995
2.784857
2.771484
2.763014
2.763237
2.767695
2.765912
2.756105
2.738274
2.713310
2.680769
2.637306
2.584036
2.520514
2.456322
2.395474
2.336410
2.269989
2.191979
2.104162
1.998959
1.874588
1.741748
1.634762
1.576589
1.570348
1.615817
1.710098
1.845614
1.989152
2.112631
2.211370
2.293838
2.367613
2.429576
2.484629
2.542134
2.603204
2.664053
2.712419
2.631065
2.350674
1.877263
1.445978
1.193894
1.121009
1.112539
1.103178
1.095154
1.086462
1.077324
1.068854
1.064842
1.064173
1.063505
1.058155
1.051023
1.043222
1.036089
1.024945
1.010681
0.998644
0.992404
0.991289
0.988169
0.979476
0.964097
0.946043
0.928435
0.914839
0.909044
0.912164
0.921971
0.931556
0.939134
0.944483
0.945374
0.940694
0.929327
0.919074
0.912610
0.911050
0.911050
0.911050
0.911050
0.909713
0.905923
0.897677
0.885864
0.872490
0.859787
0.847750
0.835268
0.822787
0.812311
0.803619
0.794703
0.788017
0.784005
0.784005
0.784005
0.784005
0.784005
0.788462
0.792921
0.798269
0.798269
0.798269
0.795595
0.789355
0.778655
0.767066
0.755922
0.748788
0.744331
0.740765
0.736307
0.731403
0.725609
0.721151
0.714018
0.707332
0.695742
0.680586
0.663646
0.646261
0.630213
0.613274
0.595889
0.579395
0.565131
0.551758
0.540167
0.528577
0.523228
0.523228
0.527240
0.529914
0.527240
0.522782
0.515204
0.505843
0.496927
0.491132
0.491578
0.496036
0.500493
0.503168
0.500493
0.492915
0.475085
0.449675
0.418917
0.391279
0.368545
0.351160
0.336449
0.324413
0.312823
0.299450
0.279835
0.258884
0.238825
0.227681
0.222331
0.225451
0.229909
0.234367
0.232138
0.224560
0.210295
0.192464
0.171513
0.154574
0.144767
0.142092
0.144767
0.149224
0.152790
0.148778
0.135851
0.114008
0.087708
0.064973
0.052046
0.051600
0.056057
0.060516
0.058287
0.044022
0.011926
-0.038001
-0.096842
-0.149444
-0.186888
-0.207395
-0.216310
-0.219430
-0.224334
-0.238153
-0.265345
-0.303235
-0.344246
-0.379463
-0.403534
-0.414233
-0.413787
-0.406655
-0.399077
-0.394619
-0.392836
-0.395956
-0.404426
-0.412004
-0.410666
-0.395511
-0.374560
-0.353162
-0.333993
-0.317054
-0.310813
-0.319729
-0.343355
-0.364752
-0.376788
-0.371885
-0.353162
-0.320175
-0.282730
-0.255538
-0.252417
-0.273814
-0.311260
-0.351379
-0.386595
-0.408438
-0.413341
-0.401752
-0.383920
-0.375005
-0.383920
-0.407100
-0.436076
-0.461931
-0.478870
-0.481991
-0.468617
-0.443654
-0.413787
-0.388378
-0.376342
-0.380800
-0.401306
-0.427606
-0.450786
-0.461931
-0.459702
-0.443208
-0.420028
-0.397293
-0.385704
-0.389270
-0.409329
-0.439196
-0.465497
-0.471291
-0.448558
-0.400414
-0.339789
-0.281839
-0.243056
-0.237261
-0.266682
-0.321067
-0.385258
-0.443208
-0.479762
-0.485557
-0.464159
-0.432955
-0.407992
-0.396848
-0.399522
-0.412896
-0.432510
-0.449003
-0.453907
-0.444545
-0.427606
-0.409329
-0.398185
-0.396848
-0.411559
-0.440979
-0.485557
-0.539941
-0.599675
-0.654059
-0.691949
-0.705322
-0.696853
-0.679022
-0.665649
-0.662083
-0.671444
-0.688829
-0.707551
-0.710226
-0.691058
-0.657625
-0.626867
-0.608144
-0.608590
-0.630878
-0.673673
-0.720925
-0.757478
-0.769960
-0.763719
-0.744996
-0.725829
-0.710672
-0.702648
-0.701756
-0.706660
-0.715576
-0.723154
-0.723154
-0.714238
-0.699528
-0.685709
-0.672781
-0.665203
-0.665203
-0.673227
-0.688383
-0.704431
-0.720479
-0.733852
-0.747225
-0.765948
-0.792248
-0.827910
-0.871150
-0.916619
-0.957630
-0.984822
-0.987943
-0.949160
-0.872487
-0.780658
-0.717804
-0.696407
-0.716467
-0.770406
-0.856886
-0.957185
-1.036086
-1.065953
-1.047676
-0.997304
-0.936234
-0.878728
-0.832368
-0.798043
-0.771743
-0.753466
-0.738755
-0.723154
-0.699528
-0.669215
-0.639349
-0.618397
-0.609036
-0.610819
-0.619289
-0.633108
-0.646926
-0.656288
-0.658516
-0.649156
-0.629987
-0.605916
-0.588531
-0.585856
-0.596108
-0.613493
-0.632216
-0.647818
-0.656288
-0.650047
-0.627312
-0.594771
-0.568471
-0.559109
-0.568024
-0.586747
-0.610819
-0.630878
-0.642469
-0.639349
-0.627312
-0.614830
-0.608144
-0.609036
-0.620180
-0.642023
-0.666541
-0.682143
-0.683926
-0.679468
-0.670552
-0.661191
-0.648710
-0.640685
-0.639794
-0.646926
-0.654950
-0.659408
-0.660300
-0.656734
-0.652276
-0.648263
-0.651830
-0.659408
-0.673227
-0.692396
-0.715576
-0.727611
-0.721816
-0.695962
-0.659854
-0.616168
-0.574265
-0.545736
-0.540832
-0.559109
-0.589422
-0.623746
-0.652722
-0.671444
-0.673673
-0.663866
-0.653167
-0.653613
-0.666095
-0.683926
-0.698190
-0.703985
-0.699974
-0.687492
-0.670107
-0.653167
-0.645143
-0.649601
-0.666541
-0.688383
-0.712009
-0.734298
-0.752575
-0.763273
-0.761936
-0.748117
-0.724045
-0.698190
-0.680805
-0.675456
-0.682589
-0.697299
-0.711118
-0.707551
-0.674564
-0.618397
-0.556880
-0.505617
-0.471291
-0.463714
-0.488677
-0.540387
-0.595217
-0.630878
-0.642915
-0.638011
-0.627758
-0.616614
-0.614830
-0.627758
-0.662083
-0.711118
-0.762382
-0.799381
-0.816766
-0.819441
-0.812308
-0.796706
-0.777092
-0.765056
-0.767731
-0.782442
-0.801164
-0.814091
-0.818994
-0.810971
-0.793140
-0.767731
-0.744996
-0.732515
-0.736973
-0.760153
-0.798489
-0.845295
-0.889427
-0.924643
-0.944703
-0.950498
-0.947378
-0.942920
-0.941137
-0.941137
-0.941137
-0.935787
-0.918402
-0.882741
-0.832368
-0.777984
-0.732515
-0.703540
-0.692396
-0.695962
-0.709335
-0.724491
-0.728949
-0.719142
-0.694624
-0.664757
-0.636674
-0.618843
-0.617060
-0.631324
-0.655842
-0.681696
-0.698636
-0.700865
-0.685263
-0.654059
-0.615723
-0.579615
-0.555098
-0.544844
-0.546182
-0.550639
-0.547073
-0.528351
-0.493580
-0.442762
-0.379017
-0.312597
-0.264007
-0.247514
-0.260441
-0.289862
-0.328645
-0.369656
-0.401306
-0.413787
-0.407546
-0.394173
-0.383920
-0.375451
-0.370993
-0.364752
-0.351379
-0.317500
-0.258658
-0.187335
-0.116902
-0.056277
-0.009916
0.014155
0.011035
-0.014820
-0.049145
-0.081686
-0.101746
-0.106204
-0.085698
-0.044242
0.007914
0.048925
0.068094
0.062744
0.040456
0.011926
-0.002784
0.010589
0.056950
0.121586
0.183995
0.222777
0.225006
0.191573
0.134960
0.073889
0.027083
0.003457
0.008806
0.034661
0.068094
0.095731
0.109996
0.112225
0.101527
0.085033
0.070323
0.068539
0.079238
0.099743
0.122478
0.141646
0.151008
0.146549
0.131393
0.113116
0.099743
0.100635
0.118020
0.154128
0.199151
0.243728
0.277161
0.294992
0.296329
0.286076
0.274932
0.275824
0.297220
0.338232
0.391725
0.443880
0.481325
0.495590
0.486229
0.461711
0.430507
0.403760
0.389050
0.389496
0.400640
0.413122
0.417579
0.408219
0.385484
0.354726
0.320846
0.263342
0.123369
-0.094168
-0.332656
-0.467725
-0.506954
-0.492243
-0.495364
-0.517206
-0.547965
-0.577386
-0.593434
-0.590313
-0.564904
-0.524339
-0.479762
-0.444992
-0.426269
-0.424485
-0.428498
-0.430281
-0.413341
-0.374113
-0.312151
-0.246176
-0.192684
-0.161480
-0.157468
-0.179756
-0.221213
-0.265345
-0.295657
-0.306801
-0.296994
-0.275152
-0.251526
-0.237261
-0.237707
-0.248406
-0.265791
-0.284067
-0.300115
-0.307247
-0.299669
-0.280947
-0.260887
-0.251972
-0.255983
-0.272923
-0.296994
-0.323741
-0.340234
-0.339343
-0.318838
-0.288971
-0.257320
-0.234587
-0.223442
-0.228791
-0.245731
-0.266682
-0.276489
-0.269357
-0.243502
-0.206057
-0.161480
-0.119131
-0.094614
-0.095060
-0.120469
-0.156130
-0.189118
-0.209623
-0.212743
-0.201599
-0.181094
-0.163708
-0.156130
-0.168166
-0.194913
-0.229683
-0.258213
-0.276043
-0.280501
-0.275152
-0.261333
-0.244839
-0.228791
-0.215864
-0.213189
-0.217201
-0.226117
-0.229237
-0.225225
-0.214527
-0.199816
-0.186888
-0.175299
-0.171733
-0.175744
-0.192238
-0.214081
-0.233249
-0.236369
-0.217201
-0.180648
-0.140974
-0.110662
-0.097734
-0.105312
-0.136070
-0.183768
-0.236369
-0.275152
-0.292983
-0.288079
-0.270694
-0.250188
-0.237261
-0.232358
-0.235924
-0.245285
-0.259550
-0.270694
-0.270248
-0.254201
-0.228346
-0.202936
-0.189118
-0.190454
-0.206948
-0.235032
-0.270694
-0.306801
-0.334440
-0.348704
-0.348259
-0.336668
-0.321067
-0.310813
-0.311260
-0.321512
-0.337560
-0.355391
-0.369656
-0.375897
-0.371439
-0.358957
-0.346921
-0.340680
-0.346030
-0.359849
-0.378126
-0.394173
-0.398631
-0.394619
-0.379463
-0.362078
-0.342909
-0.331319
-0.325970
-0.325970
-0.326416
-0.330873
-0.332211
-0.328645
-0.316608
-0.306356
-0.300560
-0.299223
-0.301007
-0.307247
-0.321958
-0.345138
-0.370993
-0.393727
-0.411559
-0.427606
-0.443654
-0.461485
-0.487339
-0.530134
-0.596108
-0.684817
-0.787791
-0.886307
-0.961196
-1.003545
-1.025833
-1.040990
-1.050351
-1.048568
-1.040544
-1.028508
-1.007557
-0.959859
-0.884523
-0.792695
-0.704877
-0.632662
-0.580060
-0.544398
-0.521218
-0.504279
-0.487785
-0.471291
-0.452570
-0.431618
-0.408438
-0.387486
-0.373667
-0.367426
-0.370547
-0.375005
-0.383920
-0.390607
-0.399522
-0.399522
-0.393727
-0.382583
-0.373667
-0.371439
-0.375897
-0.388378
-0.404426
-0.422257
-0.436522
-0.443208
-0.440088
-0.429389
-0.416907
-0.408884
-0.407100
-0.411559
-0.416016
-0.419582
-0.417799
-0.408438
-0.390161
-0.365644
-0.341572
-0.324186
-0.314826
-0.312597
-0.312597
-0.311260
-0.305464
-0.295657
-0.281839
-0.269357
-0.256875
-0.249743
-0.247068
-0.251526
-0.259995
-0.271586
-0.280501
-0.285405
-0.283175
-0.276043
-0.266236
-0.255538
-0.251972
-0.255538
-0.268020
-0.282730
-0.293428
-0.295212
-0.282284
-0.254646
-0.218539
-0.185551
-0.165046
-0.161480
-0.172624
-0.195804
-0.222996
-0.244394
-0.250634
-0.242610
-0.227008
-0.210961
-0.199370
-0.193129
-0.196250
-0.204720
-0.216755
-0.226117
-0.228346
-0.223442
-0.214527
-0.203828
-0.197588
-0.197588
-0.202045
-0.205611
-0.201599
-0.200262
-0.194467
-0.184214
-0.159251
-0.128938
-0.098626
-0.069650
-0.041121
-0.014820
-0.002784
-0.002339
-0.010809
-0.015712
-0.016157
-0.011700
-0.007242
-0.005013
-0.007688
-0.014375
-0.026857
-0.042904
-0.058506
-0.071434
-0.079903
-0.090602
-0.105312
-0.128047
-0.158359
-0.196695
-0.242165
-0.289416
-0.334886
-0.374113
-0.407992
-0.433847
-0.454352
-0.468617
-0.485557
-0.504724
-0.528351
-0.550194
-0.567579
-0.576049
-0.571590
-0.553760
-0.524339
-0.486448
-0.444992
-0.404426
-0.370101
-0.339343
-0.307694
-0.270694
-0.227900
-0.182431
-0.137408
-0.096397
-0.062964
-0.042012
-0.033097
-0.031760
-0.031760
-0.031760
-0.031760
-0.029531
-0.025073
-0.020616
-0.018387
-0.018832
-0.023290
-0.031760
-0.042458
-0.051374
-0.056723
-0.063409
-0.067867
-0.071879
-0.071879
-0.076337
-0.080795
-0.085252
-0.083469
-0.079012
-0.069204
-0.054494
-0.035326
-0.017050
-0.001893
0.010143
0.021287
0.029757
0.034215
0.038227
0.043576
0.052491
0.062744
0.072105
0.081021
0.085479
0.084142
0.077009
0.068094
0.060069
0.053829
0.044913
0.044022
0.043130
0.043130
0.037335
0.029311
0.023517
0.015938
0.011480
0.011926
0.018167
0.027083
0.037335
0.050263
0.063636
0.074780
0.082358
0.089045
0.096623
0.105538
0.114454
0.124261
0.135405
0.149670
0.160815
0.167501
0.168838
0.168838
0.168838
0.168838
0.172404
0.176862
0.183103
0.188898
0.197814
0.204946
0.204946
0.200488
0.196030
0.195585
0.195585
0.198259
0.205392
0.219210
0.235704
0.252643
0.268691
0.283402
0.298113
0.311040
0.325305
0.341353
0.356508
0.371665
0.384146
0.398412
0.410893
0.419363
0.427386
0.431845
0.436302
0.435856
0.431399
0.426941
0.422929
0.422929
0.422929
0.422929
0.418471
0.411785
0.402869
0.399303
0.401532
0.405989
0.409556
0.414013
0.418917
0.427832
0.432290
0.439868
0.444326
0.454133
0.465277
0.481325
0.497818
0.512084
0.525457
0.535264
0.546408
0.552649
0.560672
0.565131
0.569588
0.570034
0.569588
0.565131
0.559781
0.549528
0.539276
0.525011
0.508963
0.485783
0.455025
0.419363
0.381918
0.341798
0.296329
0.242391
0.181320
0.111334
0.032877
-0.055831
-0.149444
-0.243502
-0.330427
-0.403980
-0.454352
-0.477532
-0.473075
-0.440533
-0.383029
-0.304127
-0.214973
-0.122252
-0.030423
0.055166
0.132730
0.200934
0.262896
0.317727
0.364086
0.404206
0.441652
0.475976
0.504059
0.525011
0.542842
0.558444
0.572263
0.579841
0.587865
0.592323
0.596335
0.591877
0.587419
0.581178
0.576720
0.567805
0.557106
0.547299
0.536155
0.523673
0.509409
0.498265
0.489795
0.482662
0.478205
0.476422
0.474192
0.469735
0.465277
0.466614
0.466614
0.466614
0.467060
0.472855
0.481771
0.486674
0.489795
0.492470
0.496927
0.501384
0.503168
0.503168
0.504505
0.504505
0.504505
0.502277
0.497818
0.490240
0.480433
0.471518
0.462157
0.449229
0.435856
0.421592
0.409556
0.398412
0.386821
0.377906
0.367653
0.359183
0.350268
0.344919
0.346256
0.350713
0.357846
0.363641
0.372556
0.378352
0.377906
0.370773
0.362304
0.357846
0.356063
0.356063
0.356063
0.356063
0.352051
0.347593
0.341353
0.335557
0.326642
0.309702
0.209403
0.004348
-0.290308
-0.518990
-0.639349
-0.665203
-0.676348
-0.692396
-0.707997
-0.719142
-0.725382
-0.724491
-0.716467
-0.703985
-0.693287
-0.687937
-0.692396
-0.704877
-0.722708
-0.735189
-0.734743
-0.717359
-0.687046
-0.646481
-0.605916
-0.575603
-0.569808
-0.588976
-0.625083
-0.665649
-0.702648
-0.731177
-0.745442
-0.747225
-0.743214
-0.740539
-0.740539
-0.748562
-0.761936
-0.779767
-0.795815
-0.809188
-0.818103
-0.820778
-0.820778
-0.820778
-0.820778
-0.826128
-0.836826
-0.854657
-0.874271
-0.890319
-0.895667
-0.886753
-0.868921
-0.845741
-0.829694
-0.827019
-0.840392
-0.862681
-0.883186
-0.891210
-0.869813
-0.823453
-0.766394
-0.720925
-0.695962
-0.700419
-0.740539
-0.811862
-0.895667
-0.965208
-1.009786
-1.019592
-1.009786
-0.991955
-0.984822
-0.997304
-1.028508
-1.075760
-1.127470
-1.167590
-1.188095
-1.175613
-1.138168
-1.088242
-1.043665
-1.019592
-1.018701
-1.040099
-1.070411
-1.096265
-1.101615
-1.083784
-1.048122
-1.012460
-0.981256
-0.966992
-0.970558
-0.993738
-1.023159
-1.040099
-1.032965
-0.997304
-0.937571
-0.866247
-0.797598
-0.756587
-0.752128
-0.786899
-0.844849
-0.909933
-0.962533
-0.989280
-0.983931
-0.954510
-0.915282
-0.888535
-0.879620
-0.893885
-0.917956
-0.945594
-0.966100
-0.968774
-0.952726
-0.920631
-0.882294
-0.838609
-0.794032
-0.753912
-0.721816
-0.694178
-0.662974
-0.621964
-0.579169
-0.546182
-0.539050
-0.554205
-0.585410
-0.611264
-0.606807
-0.551531
-0.434739
-0.268020
-0.065638
0.155465
0.375677
0.577166
0.751909
0.913279
1.076432
1.242260
1.406304
1.565000
1.719237
1.862776
1.984917
2.080313
2.146287
2.183733
2.206913
2.218502
2.227418
2.236333
2.254164
2.289826
2.334403
2.374523
2.389679
2.372740
2.327271
2.255056
2.165009
2.070506
1.984917
1.906462
1.819981
1.720128
1.597095
1.447315
1.260982
1.051469
0.837498
0.626201
0.400640
0.151008
-0.122697
-0.394619
-0.640685
-0.834151
-0.965208
-1.032074
-1.039206
-1.002653
-0.952726
-0.917065
-0.914390
-0.940245
-0.983931
-1.039206
-1.108747
-1.198793
-1.296863
-1.391368
-1.476956
-1.559870
-1.638326
-1.700734
-1.743528
-1.768491
-1.789889
-1.808611
-1.825551
-1.836249
-1.847839
-1.858537
-1.874585
-1.883501
-1.894199
-1.903115
-1.919163
-1.933427
-1.950367
-1.964631
-1.982462
-1.992269
-1.990486
-1.978896
-1.961065
-1.950367
-1.944126
-1.951258
-1.965523
-1.986029
-2.005642
-2.018124
-2.015449
-2.001185
-1.983354
-1.974438
-1.970872
-1.971764
-1.980679
-1.994053
-2.010992
-2.017233
-2.012775
-2.003860
-1.997619
-1.997619
-1.997619
-1.997619
-1.997619
-2.004751
-2.013667
-2.015449
-2.008317
-1.999402
-1.997619
-1.997619
-1.997619
