-1.867527
-1.912985
-1.934799
-1.942812
-1.942492
-1.942842
-1.944187
-1.947973
-1.955363
-1.962340
-1.964355
-1.961009
-1.955949
-1.952871
-1.951773
-1.951606
-1.953500
-1.958138
-1.964765
-1.968390
-1.966244
-1.957636
-1.943100
-1.920786
-1.888053
-1.842719
-1.784293
-1.713933
-1.638361
-1.567137
-1.507610
-1.463342
-1.439378
-1.444536
-1.477638
-1.520771
-1.545816
-1.533967
-1.479171
-1.380190
-1.233212
-1.045371
-0.835197
-0.631547
-0.449590
-0.291992
-0.154554
-0.034214
0.071429
0.167629
0.261206
0.352405
0.440421
0.519613
0.588371
0.644925
0.689680
0.727125
0.761739
0.798024
0.832590
0.859020
0.872884
0.874122
0.864345
0.843103
0.808361
0.765856
0.721200
0.678902
0.632408
0.574684
0.504993
0.429760
0.352572
0.270648
0.176796
0.070682
-0.045945
-0.174539
-0.320426
-0.488970
-0.678934
-0.882299
-1.084722
-1.264703
-1.406423
-1.501612
-1.549972
-1.555789
-1.529339
-1.491177
-1.460483
-1.448555
-1.456003
-1.477854
-1.505562
-1.531343
-1.549953
-1.560800
-1.562352
-1.554610
-1.541798
-1.531383
-1.528828
-1.531442
-1.533603
-1.530773
-1.521322
-1.503655
-1.476793
-1.444585
-1.415365
-1.395400
-1.383707
-1.373430
-1.359183
-1.335878
-1.301017
-1.253089
-1.197085
-1.141532
-1.094960
-1.060571
-1.039054
-1.028697
-1.029857
-1.037403
-1.044064
-1.044143
-1.038602
-1.032549
-1.028658
-1.027715
-1.032942
-1.046265
-1.066584
-1.084938
-1.092169
-1.081480
-1.052396
-1.008674
-0.959822
-0.919478
-0.900437
-0.907374
-0.933804
-0.969234
-1.002660
-1.025573
-1.031075
-1.018106
-0.994250
-0.971651
-0.960961
-0.964813
-0.979394
-0.998809
-1.017005
-1.028481
-1.027302
-1.012446
-0.989494
-0.967289
-0.952079
-0.946617
-0.951293
-0.965481
-0.983638
-0.998809
-1.003682
-0.994761
-0.971455
-0.939660
-0.907944
-0.885503
-0.875599
-0.877210
-0.885660
-0.891987
-0.888018
-0.868878
-0.838302
-0.804542
-0.776637
-0.762803
-0.766930
-0.787053
-0.813777
-0.835944
-0.846044
-0.843057
-0.830441
-0.815114
-0.803755
-0.802655
-0.814642
-0.839088
-0.870725
-0.900830
-0.921935
-0.929835
-0.926337
-0.916433
-0.907944
-0.907433
-0.919577
-0.944455
-0.976053
-1.004154
-1.017674
-1.012918
-0.991105
-0.958289
-0.921503
-0.889040
-0.867385
-0.856734
-0.852057
-0.846594
-0.834489
-0.811066
-0.775419
-0.732974
-0.693279
-0.662506
-0.642148
-0.632008
-0.631497
-0.637864
-0.643799
-0.643445
-0.634563
-0.620218
-0.604144
-0.589995
-0.580484
-0.577144
-0.579776
-0.586772
-0.595576
-0.603357
-0.606777
-0.604969
-0.599309
-0.593021
-0.588462
-0.586772
-0.588069
-0.591331
-0.594436
-0.594908
-0.590820
-0.581152
-0.566492
-0.548335
-0.530256
-0.515244
-0.505339
-0.499562
-0.495436
-0.491113
-0.485099
-0.476099
-0.463051
-0.447488
-0.434007
-0.426343
-0.425007
-0.428191
-0.433261
-0.438645
-0.442064
-0.442379
-0.439667
-0.435422
-0.432081
-0.431414
-0.433615
-0.437505
-0.440964
-0.443047
-0.442221
-0.437859
-0.430313
-0.421431
-0.411999
-0.400837
-0.387671
-0.374859
-0.365544
-0.359570
-0.354147
-0.347859
-0.342239
-0.338151
-0.334457
-0.329033
-0.323334
-0.318776
-0.315003
-0.309815
-0.302741
-0.295195
-0.287413
-0.279238
-0.273343
-0.272635
-0.278767
-0.288042
-0.298103
-0.306985
-0.314217
-0.318147
-0.317597
-0.312802
-0.305964
-0.300147
-0.297003
-0.295430
-0.293544
-0.290164
-0.285527
-0.278767
-0.269256
-0.257072
-0.244732
-0.234592
-0.227360
-0.222094
-0.217928
-0.215255
-0.213526
-0.211954
-0.209282
-0.205666
-0.201815
-0.198985
-0.197806
-0.199299
-0.203465
-0.209753
-0.216749
-0.222251
-0.224924
-0.223902
-0.220443
-0.216592
-0.213526
-0.212426
-0.214234
-0.218635
-0.223588
-0.225002
-0.221937
-0.214627
-0.204644
-0.192382
-0.179177
-0.167465
-0.159133
-0.153552
-0.149308
-0.145063
-0.141447
-0.138618
-0.136338
-0.134845
-0.134923
-0.137832
-0.144120
-0.154024
-0.168015
-0.185151
-0.204409
-0.225474
-0.248583
-0.274679
-0.304155
-0.338584
-0.379379
-0.427877
-0.485099
-0.550811
-0.620218
-0.681214
-0.726253
-0.755808
-0.779703
-0.796917
-0.801555
-0.791808
-0.774122
-0.752271
-0.719100
-0.668873
-0.605912
-0.541065
-0.482113
-0.431020
-0.386767
-0.348566
-0.315553
-0.287256
-0.263046
-0.242138
-0.223666
-0.207867
-0.194897
-0.185229
-0.178862
-0.175325
-0.173989
-0.174460
-0.175876
-0.178862
-0.182950
-0.188531
-0.194740
-0.201657
-0.210382
-0.220836
-0.232312
-0.242924
-0.251885
-0.259194
-0.264304
-0.266583
-0.265797
-0.263439
-0.262024
-0.262496
-0.264382
-0.266348
-0.267527
-0.267841
-0.266112
-0.262103
-0.256208
-0.250312
-0.245753
-0.243159
-0.242138
-0.242767
-0.243238
-0.242767
-0.240173
-0.236635
-0.234749
-0.235692
-0.240409
-0.247561
-0.257466
-0.268234
-0.277981
-0.284584
-0.289142
-0.292915
-0.296216
-0.298810
-0.302190
-0.308243
-0.316810
-0.326086
-0.334810
-0.342514
-0.346994
-0.345579
-0.337641
-0.326322
-0.316025
-0.309658
-0.309186
-0.315789
-0.328680
-0.344636
-0.358627
-0.367431
-0.370182
-0.368924
-0.366566
-0.365859
-0.368531
-0.375212
-0.385509
-0.398007
-0.410112
-0.419230
-0.424103
-0.425754
-0.425990
-0.427326
-0.431257
-0.439195
-0.450042
-0.462226
-0.473152
-0.480305
-0.481248
-0.475746
-0.465999
-0.456095
-0.449099
-0.447370
-0.451221
-0.459632
-0.468829
-0.474724
-0.474724
-0.467885
-0.455938
-0.442339
-0.433457
-0.433929
-0.444304
-0.462226
-0.483056
-0.503178
-0.517719
-0.524794
-0.525423
-0.524087
-0.525423
-0.532969
-0.547274
-0.567239
-0.589091
-0.608663
-0.622969
-0.629728
-0.630122
-0.626270
-0.621632
-0.619196
-0.620296
-0.626034
-0.634602
-0.643013
-0.648122
-0.648829
-0.645449
-0.639554
-0.632951
-0.628785
-0.629650
-0.636331
-0.647650
-0.659834
-0.668637
-0.670681
-0.665572
-0.657476
-0.651108
-0.651030
-0.659047
-0.677047
-0.704165
-0.736314
-0.766340
-0.788585
-0.801319
-0.806664
-0.809022
-0.812873
-0.821520
-0.835197
-0.852411
-0.870018
-0.884795
-0.893127
-0.892184
-0.883066
-0.870018
-0.859564
-0.854219
-0.854611
-0.858542
-0.863729
-0.866873
-0.865066
-0.856498
-0.842192
-0.825057
-0.809572
-0.798568
-0.792673
-0.791965
-0.793380
-0.793301
-0.787092
-0.774279
-0.756594
-0.736472
-0.717607
-0.705817
-0.705974
-0.717921
-0.736314
-0.755494
-0.771135
-0.779624
-0.778681
-0.770114
-0.759974
-0.754707
-0.756830
-0.766262
-0.780332
-0.795110
-0.774908
-0.568261
-0.157640
0.391638
0.779307
0.965046
0.979194
0.970705
0.962059
0.956242
0.953491
0.951919
0.952469
0.957185
0.966932
0.977858
0.987054
0.993421
0.996880
0.997666
0.995308
0.990906
0.985718
0.981788
0.979902
0.980373
0.981945
0.983517
0.985090
0.986819
0.990592
0.995151
1.001596
1.007884
1.013387
1.016216
1.016688
1.014644
1.009456
1.000810
0.990749
0.983360
0.980373
0.981474
0.984146
0.988862
0.996408
1.006155
1.015116
1.020146
1.021876
1.021090
1.018574
1.013544
1.007256
1.001124
0.996723
0.993421
0.991063
0.989491
0.987762
0.987762
0.987919
0.992164
0.999081
1.009771
1.019832
1.026435
1.028164
1.025963
1.020618
1.012129
1.001910
0.993736
0.990277
0.991535
0.994679
0.997509
1.001282
1.007413
1.015902
1.022662
1.027063
1.029264
1.030365
1.028007
1.021404
1.011500
1.000024
0.988391
0.975972
0.963867
0.952391
0.942330
0.933369
0.924880
0.917805
0.910259
0.901928
0.890294
0.874888
0.855866
0.834014
0.813106
0.794399
0.780251
0.769246
0.762329
0.758241
0.754783
0.751639
0.750067
0.754469
0.764530
0.778678
0.795971
0.815150
0.835272
0.852565
0.867185
0.880862
0.895482
0.910888
0.926609
0.941544
0.955220
0.966225
0.975500
0.983517
0.991535
1.000181
1.008985
1.016373
1.021090
1.024077
1.025648
1.025020
1.020461
1.013229
1.005683
1.000339
0.995622
0.990120
0.984461
0.982889
0.987448
0.995151
1.002068
1.005841
1.007413
1.006627
1.002382
0.995308
0.987448
0.982260
0.980688
0.982889
0.987133
0.992164
0.995780
0.997823
0.998452
1.000024
1.003011
1.007570
1.010714
1.013387
1.014959
1.016373
1.014015
1.007256
0.997823
0.989806
0.984303
0.979587
0.974871
0.971884
0.973928
0.980059
0.986033
0.988862
0.989020
0.987290
0.984146
0.978644
0.973928
0.971727
0.974242
0.979744
0.986661
0.991220
0.992478
0.988862
0.983360
0.978172
0.975657
0.977072
0.981002
0.985561
0.989334
0.991692
0.991849
0.987448
0.978801
0.969212
0.962923
0.960565
0.959779
0.958364
0.958993
0.963081
0.970312
0.974871
0.975814
0.972985
0.969369
0.965753
0.961823
0.960094
0.959779
0.963238
0.967797
0.973771
0.977543
0.979430
0.979587
0.981788
0.987133
0.996251
1.008356
1.021247
1.033666
1.043727
1.051430
1.056461
1.058819
1.061020
1.063850
1.067623
1.069981
1.069981
1.066208
1.058819
1.049387
1.039797
1.030050
1.018889
1.006469
0.995308
0.985247
0.976443
0.967482
0.958836
0.950190
0.941544
0.931954
0.920792
0.907115
0.892652
0.879133
0.867814
0.858539
0.850521
0.842504
0.834644
0.826312
0.818137
0.807918
0.795499
0.781979
0.770346
0.762643
0.758870
0.759499
0.764373
0.773648
0.786381
0.800373
0.813421
0.823482
0.830085
0.833229
0.835115
0.836058
0.837316
0.838259
0.841718
0.848949
0.859639
0.870329
0.878347
0.883849
0.889508
0.895639
0.902242
0.908530
0.914661
0.920478
0.924565
0.928495
0.929910
0.928653
0.925508
0.922993
0.922679
0.924251
0.926766
0.931325
0.937613
0.947203
0.957107
0.964967
0.968583
0.967482
0.961509
0.951919
0.940915
0.930382
0.921264
0.915762
0.913561
0.915133
0.915605
0.915290
0.912932
0.912460
0.913246
0.916862
0.922364
0.930382
0.939500
0.947989
0.952391
0.950819
0.943902
0.935255
0.927081
0.921578
0.919063
0.921264
0.928181
0.939185
0.952076
0.963395
0.970784
0.971884
0.967640
0.958993
0.948932
0.939657
0.934155
0.932111
0.933212
0.936041
0.937456
0.934941
0.927709
0.919377
0.912932
0.909788
0.911046
0.916076
0.923465
0.929124
0.931168
0.927395
0.918434
0.905543
0.892338
0.882434
0.877089
0.877404
0.883220
0.893596
0.906015
0.918120
0.927709
0.932740
0.931797
0.925194
0.914504
0.901770
0.889037
0.877246
0.867028
0.858225
0.851622
0.845176
0.838259
0.832286
0.830556
0.834487
0.843132
0.854609
0.867814
0.879919
0.888880
0.891081
0.887465
0.879133
0.871115
0.864984
0.862941
0.865770
0.873945
0.887150
0.902242
0.917648
0.931325
0.942172
0.947517
0.946574
0.938871
0.926609
0.910102
0.891867
0.872058
0.853351
0.836845
0.824268
0.814521
0.808548
0.806190
0.809962
0.818137
0.831656
0.848949
0.871430
0.895797
0.921421
0.947360
0.976129
1.008042
1.041841
1.075797
1.109439
1.143081
1.175780
1.206121
1.233003
1.257684
1.280008
1.300444
1.318366
1.334244
1.348392
1.360969
1.372602
1.383134
1.392567
1.400584
1.407344
1.412847
1.416305
1.418034
1.419763
1.422279
1.426681
1.432654
1.441929
1.453563
1.466454
1.479502
1.492235
1.505598
1.519275
1.533738
1.547886
1.563450
1.580585
1.599764
1.618943
1.637651
1.655572
1.672079
1.686699
1.698490
1.708236
1.716568
1.725372
1.735276
1.745808
1.756341
1.766402
1.775520
1.783066
1.787783
1.791241
1.793756
1.797372
1.802245
1.809477
1.819066
1.830385
1.842333
1.853809
1.864656
1.875032
1.885407
1.895311
1.904586
1.914333
1.925337
1.937442
1.949075
1.959608
1.969041
1.977215
1.983661
1.988377
1.991521
1.994665
1.998753
2.004412
2.010858
2.017617
2.023906
2.028465
2.030665
2.031137
2.031137
2.031137
2.031609
2.033967
2.039155
2.047644
2.057390
2.067294
2.076412
2.085373
2.094334
2.102823
2.110526
2.117600
2.125618
2.134736
2.143854
2.151557
2.158159
2.163661
2.168220
2.170264
2.170107
2.168692
2.166334
2.166334
2.166491
2.167906
2.167906
2.167906
2.166648
2.163190
2.157530
2.151399
2.145740
2.141967
2.141024
2.143225
2.148570
2.155487
2.163661
2.171679
2.180168
2.189129
2.198561
2.207365
2.216168
2.225915
2.237077
2.248238
2.257671
2.265688
2.271662
2.275278
2.275907
2.274020
2.270404
2.265845
2.261129
2.256099
2.249182
2.239749
2.226701
2.209408
2.186299
2.158002
2.124989
2.088360
2.047958
2.004255
1.958036
1.908045
1.853652
1.793127
1.728673
1.663118
1.601336
1.548830
1.510000
1.489720
1.490035
1.510314
1.547415
1.596148
1.652743
1.711538
1.769075
1.821896
1.869844
1.912761
1.951905
1.988220
2.021390
2.051259
2.076884
2.080500
2.052045
1.991207
1.934141
1.900813
1.891538
1.889180
1.884149
1.877704
1.869215
1.859311
1.847520
1.834630
1.820481
1.805232
1.787940
1.768603
1.748167
1.728044
1.707922
1.687171
1.665948
1.645668
1.626804
1.609668
1.593948
1.579642
1.567065
1.555747
1.546157
1.537196
1.528707
1.519904
1.511100
1.502925
1.494751
1.486104
1.475886
1.464410
1.451991
1.438471
1.424322
1.409073
1.393510
1.376532
1.359082
1.340532
1.321038
1.299501
1.276078
1.251868
1.227973
1.203920
1.179081
1.153457
1.128461
1.104409
1.080828
1.057247
1.033980
1.011186
0.989806
0.969841
0.951447
0.933683
0.915762
0.897526
0.879133
0.860583
0.841089
0.820495
0.799901
0.780565
0.762800
0.745979
0.729473
0.712809
0.695831
0.679639
0.664389
0.650241
0.635778
0.622416
0.611411
0.603866
0.597891
0.592232
0.587202
0.584214
0.583271
0.584686
0.586730
0.590974
0.596791
0.605909
0.617070
0.629175
0.641595
0.653857
0.666905
0.680267
0.694102
0.707464
0.720040
0.731988
0.743150
0.754154
0.764058
0.772547
0.779307
0.784652
0.789840
0.794399
0.798015
0.799744
0.800215
0.801158
0.802731
0.804303
0.803359
0.802731
0.803045
0.806975
0.812477
0.819709
0.828512
0.838731
0.851150
0.863884
0.877089
0.889666
0.902556
0.915605
0.928810
0.941858
0.953334
0.962923
0.970784
0.977229
0.982889
0.986504
0.988548
0.987133
0.983989
0.978959
0.972513
0.962452
0.947832
0.929281
0.907587
0.882120
0.851936
0.816093
0.776477
0.732617
0.685455
0.632948
0.576354
0.515516
0.451847
0.387079
0.324668
0.269803
0.227829
0.203619
0.199375
0.215095
0.248580
0.295113
0.349192
0.405472
0.460965
0.514573
0.563621
0.609053
0.649612
0.687499
0.721298
0.751167
0.775062
0.794084
0.808705
0.820967
0.829770
0.834958
0.835587
0.834644
0.831342
0.827569
0.820495
0.811692
0.800530
0.787796
0.773491
0.757613
0.740163
0.721298
0.701490
0.681682
0.661245
0.640337
0.618014
0.595219
0.572424
0.550730
0.531079
0.513472
0.498537
0.485175
0.474171
0.464896
0.457350
0.449803
0.442415
0.436441
0.432668
0.430153
0.427323
0.423707
0.420406
0.416790
0.412703
0.407044
0.400441
0.393524
0.386764
0.380476
0.374187
0.366799
0.357838
0.347148
0.335201
0.321209
0.305331
0.287725
0.270746
0.254711
0.241034
0.228458
0.217296
0.206135
0.194658
0.183497
0.173279
0.164318
0.154885
0.145296
0.136493
0.128632
0.119514
0.106623
0.090274
0.072195
0.053802
0.034937
0.015130
-0.004050
-0.022286
-0.038321
-0.054041
-0.068504
-0.083281
-0.097116
-0.110949
-0.124155
-0.137045
-0.149937
-0.162513
-0.174460
-0.185465
-0.195212
-0.205273
-0.215334
-0.226338
-0.237029
-0.247718
-0.258409
-0.270356
-0.283876
-0.298968
-0.314060
-0.330723
-0.349273
-0.371911
-0.395492
-0.420645
-0.445483
-0.471894
-0.498305
-0.524401
-0.550497
-0.576279
-0.603004
-0.629414
-0.655825
-0.680663
-0.702358
-0.719021
-0.730026
-0.735371
-0.737257
-0.736943
-0.733799
-0.727511
-0.716192
-0.701415
-0.684122
-0.664314
-0.642305
-0.617467
-0.596087
-0.583510
-0.581624
-0.586340
-0.594829
-0.607091
-0.624384
-0.643877
-0.662742
-0.680035
-0.699214
-0.721537
-0.747948
-0.774987
-0.802655
-0.830009
-0.858306
-0.886288
-0.912385
-0.935022
-0.954830
-0.973381
-0.992874
-1.016455
-1.044123
-1.074307
-1.097888
-1.111093
-1.113294
-1.108892
-1.098516
-1.082796
-1.068333
-1.064246
-1.074935
-1.094744
-1.115494
-1.132473
-1.144106
-1.146936
-1.139390
-1.123355
-1.107006
-1.097573
-1.099774
-1.113294
-1.133102
-1.152910
-1.165486
-1.166744
-1.155110
-1.135931
-1.115494
-1.102290
-1.098516
-1.107634
-1.125870
-1.147879
-1.163285
-1.166115
-1.156368
-1.138132
-1.117695
-1.100089
-1.092229
-1.096630
-1.111408
-1.128386
-1.141906
-1.145049
-1.137189
-1.118639
-1.097888
-1.080280
-1.070534
-1.063931
-1.060787
-1.058586
-1.059844
-1.055756
-1.043180
-1.023686
-1.005765
-0.994446
-0.991302
-0.997590
-1.012053
-1.031861
-1.050412
-1.062359
-1.063931
-1.054813
-1.037835
-1.018656
-1.003564
-0.999162
-1.003878
-1.012997
-1.021800
-1.024315
-1.020542
-1.007023
-0.989101
-0.973695
-0.966463
-0.971808
-0.987215
-1.011110
-1.036892
-1.058272
-1.067390
-1.062674
-1.044123
-1.018656
-0.993189
-0.977154
-0.973381
-0.982184
-0.997590
-1.013939
-1.020228
-1.012682
-0.990673
-0.963005
-0.937538
-0.922761
-0.923075
-0.939424
-0.966463
-0.994446
-1.012368
-1.017398
-1.008595
-0.990673
-0.968664
-0.952001
-0.946970
-0.954830
-0.971180
-0.988787
-1.001049
-1.002936
-0.992245
-0.970865
-0.945398
-0.924018
-0.913328
-0.914271
-0.925904
-0.941940
-0.955459
-0.961433
-0.956402
-0.942568
-0.922446
-0.902638
-0.890376
-0.890062
-0.904210
-0.928420
-0.955774
-0.978097
-0.992560
-0.997276
-0.994132
-0.985014
-0.977782
-0.978097
-0.988473
-1.003564
-1.017713
-1.021800
-1.014883
-0.994761
-0.967092
-0.937852
-0.917415
-0.911756
-0.921817
-0.942254
-0.965835
-0.982813
-0.987215
-0.975896
-0.952629
-0.924332
-0.902324
-0.892891
-0.899180
-0.917415
-0.941625
-0.960804
-0.968664
-0.961433
-0.943511
-0.919930
-0.898550
-0.888175
-0.892577
-0.911442
-0.935022
-0.953259
-0.960490
-0.952001
-0.930621
-0.898550
-0.866166
-0.846044
-0.845730
-0.864594
-0.892263
-0.920245
-0.940682
-0.947913
-0.938795
-0.918359
-0.894778
-0.878428
-0.874655
-0.883459
-0.900123
-0.914900
-0.922446
-0.914586
-0.893520
-0.862079
-0.832524
-0.812716
-0.806742
-0.816489
-0.837869
-0.865537
-0.885974
-0.894463
-0.886917
-0.866481
-0.836612
-0.808629
-0.792909
-0.794480
-0.809572
-0.830952
-0.848245
-0.855791
-0.846044
-0.821206
-0.785991
-0.754236
-0.735057
-0.734428
-0.751720
-0.780017
-0.808943
-0.827493
-0.830009
-0.817118
-0.793537
-0.768384
-0.749834
-0.745118
-0.754550
-0.772157
-0.790078
-0.801712
-0.802341
-0.790078
-0.767441
-0.743232
-0.723738
-0.717450
-0.723109
-0.740087
-0.759895
-0.775301
-0.779703
-0.769956
-0.748576
-0.722166
-0.698585
-0.686637
-0.688523
-0.702672
-0.721537
-0.736943
-0.739773
-0.727511
-0.700786
-0.666829
-0.634760
-0.614323
-0.611179
-0.624384
-0.647022
-0.670917
-0.686323
-0.689781
-0.680349
-0.663685
-0.646392
-0.635074
-0.636017
-0.649851
-0.673118
-0.696070
-0.683179
-0.557100
-0.310287
0.002239
0.228300
0.340546
0.345262
0.303131
0.233960
0.161645
0.112597
0.097191
0.118257
0.172336
0.238991
0.294956
0.322624
0.321995
0.306589
0.288353
0.283323
0.303445
0.352493
0.421978
0.492721
0.550887
0.591132
0.613455
0.612197
0.584844
0.543027
0.508756
0.496179
0.499323
0.510328
0.521961
0.529821
0.525419
0.503725
0.467882
0.427952
0.393996
0.377018
0.380790
0.403428
0.434869
0.465996
0.486747
0.492721
0.483603
0.469769
0.456878
0.448703
0.448389
0.462537
0.491149
0.521018
0.542712
0.554974
0.561263
0.563778
0.564721
0.572581
0.588931
0.611883
0.639866
0.669735
0.692372
0.693630
0.671936
0.636722
0.597734
0.558118
0.522904
0.500267
0.497437
0.510957
0.532966
0.552773
0.562520
0.560634
0.551830
0.544284
0.544599
0.554974
0.576669
0.603079
0.627918
0.643639
0.645210
0.632948
0.611883
0.594276
0.590817
0.602450
0.626031
0.651499
0.676966
0.695202
0.703691
0.698660
0.683569
0.669106
0.660302
0.661560
0.672250
0.691115
0.711551
0.722870
0.719412
0.705578
0.685769
0.665647
0.649926
0.643953
0.653385
0.673193
0.692686
0.702434
0.697717
0.683883
0.665333
0.644896
0.627289
0.616913
0.622887
0.644267
0.672250
0.698032
0.714381
0.722870
0.720983
0.710294
0.691429
0.668791
0.651184
0.641752
0.642066
0.643953
0.641752
0.635149
0.626346
0.618486
0.611883
0.612826
0.630747
0.663761
0.701804
0.733246
0.754312
0.760285
0.747709
0.715639
0.678224
0.648355
0.634206
0.633577
0.642695
0.660302
0.682625
0.703062
0.715324
0.715324
0.708722
0.700861
0.697403
0.694259
0.691115
0.686084
0.679481
0.663132
0.635149
0.593962
0.551830
0.515044
0.494607
0.488948
0.495865
0.507184
0.516931
0.518188
0.504983
0.471026
0.417891
0.348406
0.275777
0.218239
0.183969
0.173593
0.167305
0.168248
0.177366
0.194030
0.205663
0.209121
0.221069
0.256597
0.310991
0.372301
0.426380
0.471341
0.503725
0.521647
0.527306
0.523848
0.521647
0.525105
0.538939
0.562206
0.591446
0.619743
0.639866
0.651499
0.656529
0.658730
0.659359
0.664704
0.674137
0.685769
0.691115
0.686399
0.671306
0.646154
0.618171
0.595848
0.586415
0.591132
0.603394
0.624774
0.654328
0.685141
0.706521
0.709665
0.698032
0.674137
0.639551
0.600250
0.564721
0.541769
0.534223
0.538311
0.553088
0.568494
0.579813
0.582013
0.580127
0.583271
0.593962
0.611568
0.631691
0.649298
0.661874
0.664389
0.655586
0.635149
0.606538
0.580756
0.565035
0.562834
0.571638
0.586730
0.604337
0.614398
0.612826
0.598363
0.575097
0.549630
0.531079
0.532651
0.558118
0.594905
0.627289
0.646783
0.650870
0.640180
0.610311
0.572896
0.537682
0.517559
0.515673
0.527306
0.545542
0.561263
0.568180
0.566608
0.554974
0.540197
0.523219
0.510642
0.507498
0.513787
0.525105
0.532022
0.527935
0.510642
0.481402
0.451847
0.428581
0.418520
0.419463
0.428896
0.437384
0.440214
0.431411
0.414118
0.390537
0.372301
0.370101
0.387707
0.422607
0.465681
0.511900
0.552145
0.574468
0.571638
0.545542
0.508441
0.471655
0.443358
0.428266
0.426380
0.433297
0.442729
0.443987
0.432354
0.405629
0.371044
0.338030
0.314449
0.307218
0.315078
0.332056
0.348091
0.355008
0.350607
0.331428
0.298414
0.255654
0.220440
0.203462
0.210694
0.231445
0.260056
0.287725
0.310362
0.322310
0.321052
0.309419
0.295585
0.295899
0.320738
0.362869
0.405000
0.428266
0.430782
0.409087
0.363498
0.296843
0.224213
0.165418
0.134292
0.130204
0.140265
0.149069
0.144981
0.129261
0.096247
0.045942
-0.016311
-0.068819
-0.093657
-0.085797
-0.048382
0.013243
0.080213
0.128632
0.142781
0.133663
0.117628
0.105051
0.103480
0.117942
0.146239
0.171078
0.178309
0.163218
0.130519
0.088073
0.049086
0.032422
0.044999
0.087130
0.147497
0.217611
0.282379
0.316965
0.310048
0.258798
0.188371
0.117313
0.066693
0.044055
0.056003
0.089645
0.122659
0.127689
0.103794
0.058833
0.010413
-0.032347
-0.050897
-0.032975
0.013872
0.067322
0.108510
0.133348
0.137121
0.114484
0.075497
0.037767
0.016702
0.013872
0.030221
0.060090
0.085558
0.092475
0.076440
0.044999
0.003182
-0.045238
-0.079194
-0.076679
-0.023543
0.065750
0.161645
0.241506
0.290869
0.304703
0.272633
0.201890
0.114484
0.044999
0.011356
0.016073
0.044684
0.081785
0.110711
0.124545
0.118571
0.094676
0.062920
0.036824
0.030221
0.041540
0.067950
0.100335
0.127689
0.132405
0.106309
0.053173
-0.023229
-0.121325
-0.235142
-0.345501
-0.439195
-0.514654
-0.573449
-0.614637
-0.637275
-0.652052
-0.666515
-0.680349
-0.689153
-0.694498
-0.701415
-0.709903
-0.717135
-0.725310
-0.736314
-0.750777
-0.758637
-0.755808
-0.741659
-0.725939
-0.711476
-0.702986
-0.703616
-0.719021
-0.746690
-0.779703
-0.807686
-0.827808
-0.837240
-0.841013
-0.842900
-0.847930
-0.857677
-0.872454
-0.892577
-0.914586
-0.933450
-0.946027
-0.952001
-0.953573
-0.950114
-0.943511
-0.934079
-0.924647
-0.914586
-0.904839
-0.895721
-0.890376
-0.886603
-0.881887
-0.869625
-0.849817
-0.825922
-0.806428
-0.795110
-0.793537
-0.803913
-0.825922
-0.856420
-0.884717
-0.905468
-0.918044
-0.928105
-0.940996
-0.957345
-0.976839
-0.998219
-1.019599
-1.036577
-1.045695
-1.048525
-1.048525
-1.048525
-1.048525
-1.049468
-1.053555
-1.061416
-1.071163
-1.079652
-1.084368
-1.086254
-1.086254
-1.086254
-1.086254
-1.086569
-1.090656
-1.099774
-1.113608
-1.127128
-1.136560
-1.138132
-1.132158
-1.120840
-1.108263
-1.099774
-1.096315
-1.100717
-1.108892
-1.117695
-1.121154
-1.116124
-1.104490
-1.088455
-1.071477
-1.057957
-1.050412
-1.050097
-1.051669
-1.050726
-1.044438
-1.032804
-1.017398
-0.999162
-0.979983
-0.959861
-0.938795
-0.915214
-0.893206
-0.874655
-0.866795
-0.867424
-0.877485
-0.891948
-0.910184
-0.929678
-0.948857
-0.967407
-0.985642
-1.005451
-1.024944
-1.039721
-1.045695
-1.040979
-1.029346
-1.018027
-1.011739
-1.013939
-1.024001
-1.042237
-1.062988
-1.078080
-1.082796
-1.077451
-1.066132
-1.053870
-1.044752
-1.042237
-1.046324
-1.056699
-1.068648
-1.080280
-1.101346
-1.139075
-1.191268
-1.234657
-1.258552
-1.265469
-1.269242
-1.274587
-1.282133
-1.290308
-1.298482
-1.305085
-1.306028
-1.301312
-1.291565
-1.280875
-1.270185
-1.260439
-1.251949
-1.244403
-1.237172
-1.228054
-1.216421
-1.200071
-1.180264
-1.159198
-1.140962
-1.126185
-1.112979
-1.099460
-1.085311
-1.070848
-1.056385
-1.042551
-1.034062
-1.035634
-1.050097
-1.073992
-1.102290
-1.131530
-1.159827
-1.185608
-1.207617
-1.226167
-1.243460
-1.260439
-1.276159
-1.289993
-1.301941
-1.312945
-1.322692
-1.331810
-1.340613
-1.348474
-1.354762
-1.358220
-1.359793
-1.359793
-1.362622
-1.367024
-1.373941
-1.380544
-1.387775
-1.393749
-1.400037
-1.407583
-1.419531
-1.436824
-1.460719
-1.490587
-1.524544
-1.561330
-1.597174
-1.631444
-1.662256
-1.692754
-1.723881
-1.756894
-1.788964
-1.816004
-1.834868
-1.842100
-1.835812
-1.813174
-1.776388
-1.731427
-1.687095
-1.647479
-1.612265
-1.579880
-1.550326
-1.521086
-1.487758
-1.449400
-1.407269
-1.362308
-1.313259
-1.264526
-1.224910
-1.201329
-1.192526
-1.196927
-1.213905
-1.241888
-1.273958
-1.301626
-1.322377
-1.339985
-1.358220
-1.380858
-1.405382
-1.431793
-1.457260
-1.481470
-1.503479
-1.523601
-1.543409
-1.564789
-1.588055
-1.611951
-1.633959
-1.651567
-1.663514
-1.667287
-1.664143
-1.653453
-1.638361
-1.618868
-1.596230
-1.570448
-1.542465
-1.513854
-1.485871
-1.460090
-1.440282
-1.429906
-1.433679
-1.450972
-1.474867
-1.490587
-1.482099
-1.436509
-1.351932
-1.228683
-1.076508
-0.903267
-0.727196
-0.560872
-0.412156
-0.277273
-0.154967
-0.043665
0.053802
0.142781
0.222641
0.295270
0.355952
0.410974
0.460337
0.509385
0.550573
0.589560
0.623202
0.652756
0.673193
0.683254
0.684826
0.677595
0.663761
0.649298
0.633891
0.614398
0.581699
0.536738
0.482659
0.417262
0.337716
0.242135
0.140894
0.034937
-0.076050
-0.198356
-0.331666
-0.478811
-0.646707
-0.838812
-1.045067
-1.246919
-1.422046
-1.557872
-1.642763
-1.677663
-1.667916
-1.634903
-1.596230
-1.571077
-1.562588
-1.575794
-1.606292
-1.650937
-1.702501
-1.756266
-1.806886
-1.846816
-1.864738
-1.858449
-1.832982
-1.798397
-1.758152
-1.715707
-1.681121
-1.659427
-1.644335
-1.626099
-1.607235
-1.596230
-1.591199
-1.583968
-1.574850
-1.568247
-1.563217
-1.551583
-1.532719
-1.514168
-1.500649
-1.494361
-1.488387
-1.480212
-1.463548
-1.440910
-1.420789
-1.412614
-1.421731
-1.445312
-1.481155
-1.524859
-1.570448
-1.607863
-1.631444
-1.643706
-1.652195
-1.668230
-1.690239
-1.717593
-1.744947
-1.772615
-1.802484
-1.835183
-1.872913
-1.913786
-1.956546
-1.999306
-2.039236
-2.073193
-2.096774
-2.109350
-2.113752
-2.116267
-2.119411
-2.122555
-2.123813
